luminosity_distance_Mpc	dec	ra	theta_jn	psi	phase	spin1	spin2	geocent_time	ms	mr	mass_1_source	mass_2_source	lambda1	lambda2	H1	L1	V1	K1	network_matched_filter_snr
439.3915719734159	0.11886028544891307	0.8310856209931061	1.9679212022190309	1.3093107923404865	4.345598381636712	-0.00043204836711905275	0.02933516539678844	1326742744.737171	1.308147055881361	1.310636759399424	1.310636759399424	1.308147055881361	371.49245814109673	375.6825503110899	False	False	False	False	0.0
463.12696151912127	-0.5512768685698145	1.8882282768363363	0.501757703024307	1.2712698261698139	2.7188953440427306	-0.0016731370441636874	-0.0016693553938571066	1354763098.78992	1.2721610588657477	1.350019752429762	1.350019752429762	1.2721610588657477	311.0808166396387	445.2914085671573	True	False	True	False	5.017269134553334
458.00594539531716	0.2709865017532927	2.038557744375609	2.6100942502511297	2.9783791358062057	5.452919933035066	-0.00795352157138806	0.006862923262289997	1329346678.3271015	1.316235805781325	1.376744104982058	1.376744104982058	1.316235805781325	276.21235125479717	361.78084907072343	False	False	True	True	3.700300441250362
478.0581421483536	-0.1846363175016837	4.176187237550058	2.4105234157002773	0.3025496819320338	1.6323829237959997	0.005785614875762544	0.004521495733067838	1341937183.2523766	1.2012462645516704	1.3492876444503772	1.3492876444503772	1.2012462645516704	312.1019400326332	628.7563084320643	True	False	True	False	4.1590239392743875
436.1680123295023	0.8918593235137562	3.027855339001184	0.521065350806897	0.3059468147323054	4.5639019904252525	0.010844808534911	0.011272011873736514	1331356414.5827055	1.3229944526098814	1.358811848793428	1.358811848793428	1.3229944526098814	299.65369791425223	351.18629930361305	True	True	True	False	9.276378782528402
121.17696651996262	1.375982368136888	1.079574171449568	1.210080313260418	2.9195765178382898	2.482758382808842	0.002255252546719493	0.004769008649597603	1336220690.2990217	1.1917187459102403	1.34591354544788	1.34591354544788	1.1917187459102403	316.98594599746843	659.1184893890745	False	True	True	False	11.246439559128117
439.56553992872523	0.21282013067692981	1.4531344155672041	1.5018157304235538	2.993459081157371	2.8293910377224756	0.0024331039453867713	-0.002295663642597774	1353134876.4204211	1.2421570949596539	1.6009915785257132	1.6009915785257132	1.2421570949596539	100.1778513199561	515.9390720816049	True	True	False	False	5.733893234566743
186.01226520719263	0.8450545797656643	3.054185930211736	0.9780423452397992	0.6279254614144105	6.0229755667986	-0.01194621387453189	-0.004151939521369375	1346663203.5540028	1.4194701887011378	1.351567170778376	1.4194701887011378	1.351567170778376	227.8850810245274	308.96404288001924	False	False	False	True	2.134750387742108
467.5100238099769	-1.420411836305791	5.951177534731281	0.28085477118224533	0.5196201928091854	4.9316310566140364	-0.005073747122372279	0.03004528277891871	1342856254.605725	1.2241160311205055	1.3348165147458984	1.3348165147458984	1.2241160311205055	334.705499001404	561.0466723955653	True	True	True	False	6.418427336733684
161.56994316802465	0.24827064872057875	3.2017992845142205	1.3496837271327156	1.3818670673308753	4.962586316120744	-0.0016471792323830671	0.000218565349805044	1350843840.8581045	1.4177007232246845	1.3262409894501173	1.4177007232246845	1.3262409894501173	230.2933871469937	346.8041719878456	False	True	False	False	6.091669368391267
449.77331143292827	-1.048346225945888	2.138380969584941	2.335416114994896	0.3181045039844715	3.77580013160458	0.0343033938077141	-0.009615947682253049	1342362508.4217906	1.3690283590942638	1.3198349412794037	1.3690283590942638	1.3198349412794037	286.3387065249292	355.855082988555	True	False	False	False	4.230713620157316
429.22023260241883	-1.055749355017875	2.3027508392916665	2.2919624176021527	0.5625035922812603	4.338399766302595	0.009238433453202927	0.004723512844085437	1354034781.4975245	1.163193066706853	1.3214451007771773	1.3214451007771773	1.163193066706853	353.40609030218997	760.9939195428959	True	False	True	False	4.584895390900493
451.45757044817515	-0.14972034446952828	0.5805518837172342	0.41059920918779963	2.619651247548826	6.231114649255928	0.004217088986433528	-0.03433406347628271	1338549766.3581269	1.397386510834265	1.356777895036766	1.397386510834265	1.356777895036766	252.78700721505064	302.19702084995106	False	False	True	False	0.8921323143668697
417.2741640005543	-0.06947939766069681	3.569356554014873	0.69364835693763	2.639595902190844	2.3411889749014643	-0.025712020924640564	-0.02343721862795588	1325258963.6703453	1.2259279878473348	1.35734898653158	1.35734898653158	1.2259279878473348	301.4804302614404	555.1599891619755	False	False	True	False	2.8580895119328398
333.9677653673002	-0.30275132252506465	3.6701473588881104	1.8286972234425327	2.130240216550408	2.9032735521799427	0.007795630548235905	0.0273205092527041	1330914898.3872302	1.3148014040371603	1.3279678052897554	1.3279678052897554	1.3148014040371603	344.5231956960097	364.2531552074847	False	True	True	True	2.444204988218936
488.02065624862166	0.7721168471525585	2.253907213056654	2.5505953030947963	2.046792124960904	1.2187769274976659	0.0005195979599951484	0.0014500728681443482	1338099038.0044692	1.2507739115613776	1.5426174850903802	1.5426174850903802	1.2507739115613776	130.0793306177336	495.30527284329264	True	True	False	True	4.748050290029209
483.5757235965002	0.9396355314927551	1.5738161531535795	2.273923360670758	1.8686651378036003	1.3812133262201476	-0.001562746718087692	0.007596335063676416	1353683349.912784	1.1839185031694166	1.6236761076838229	1.6236761076838229	1.1839185031694166	90.97372423739272	681.4407265206224	False	False	False	True	0.7380618848259375
262.7296955907281	0.7951734269766411	1.5371931858909704	0.7726373309834539	2.79272157938144	5.177550470493773	0.007562035221710822	0.0021206219099841757	1341855409.0353332	1.2310132738641806	1.3680586270492532	1.3680586270492532	1.2310132738641806	287.6749881733032	540.0784973304881	True	False	True	False	8.64557761233
298.6831135510767	0.030797051546659435	1.0886807443487032	2.3472397283312088	0.125504891766162	4.805697851123537	0.008294074987998326	0.0038632436117970806	1326760675.2576795	1.2930886117719336	1.3292309345442301	1.3292309345442301	1.2930886117719336	342.8363619168178	402.84703878978013	False	True	True	True	8.729776725765271
471.29080094566166	-0.8233583904377191	3.4211439060649105	1.3222632094531377	2.7989421147925935	4.614616787608453	0.027656920198849227	-0.04335986310029313	1330763294.8253381	1.3552036108251637	1.3015814817107303	1.3552036108251637	1.3015814817107303	304.1909613929044	386.5383943627797	True	True	False	True	0.6192086631642503
341.74330146548107	-0.4983504034612585	5.040254211160809	1.758094995455705	0.6086848859432628	5.892808366134418	-0.023372697302845805	0.0009959839098918283	1329969180.390251	1.2108730261306964	1.3244983753677013	1.3244983753677013	1.2108730261306964	349.1252839512572	598.5474341435674	False	False	False	False	0.0
232.417680085994	0.3326664204623147	1.7519459332986662	1.8461369977807098	1.839471361649417	4.519717136459505	0.020109470771054225	-0.029565787182679406	1339889937.0559752	1.306707514563878	1.295730252693788	1.306707514563878	1.295730252693788	378.0483215420082	397.4278899550074	True	True	True	True	4.204014147825264
452.69057211597936	0.3160769202803171	3.27642284233237	2.594340045500136	0.5840599481728191	2.9135750076344986	-0.03650388269667094	-0.007407015170599766	1355721829.3756685	1.2715497696068374	1.331040918688921	1.331040918688921	1.2715497696068374	340.34795367212064	446.752243005674	True	False	True	False	4.03641251156983
430.2761765258316	0.35308539480199347	5.380122269106738	2.6959854633966533	0.26389895636898747	0.7406519756610961	0.040417443115432126	0.013475630434556508	1351663305.704526	1.2104073563592617	1.338492113391873	1.338492113391873	1.2104073563592617	328.7738658857272	599.7824695793847	True	False	False	False	2.9462255406556395
480.87421525521233	1.4225762506558481	4.998229030646395	2.4995816031755633	0.2667068215748702	1.7362467759058924	-0.002294801683959747	0.029771714940890707	1349045426.2985156	1.2903727982900834	1.489078507639153	1.489078507639153	1.2903727982900834	165.50935623588907	408.50498938111986	True	False	True	True	3.219042279233329
484.03159243656773	-0.37681163438902743	4.7032646949942345	0.8792074000621589	0.33266792655781113	4.8058633782920674	0.006070725931331867	0.017547489862959308	1325128655.423722	1.3913632775821023	1.6221546064101886	1.6221546064101886	1.3913632775821023	91.43701367875258	260.1759961053371	True	False	True	True	2.045762990818501
118.92177419821869	-0.9046871637388317	4.033720683562374	0.831011046912324	3.074154570918628	4.463535213205993	-0.034396179698435454	-0.011320039467782752	1333681193.3540702	1.2867925594446965	1.5163579495449626	1.5163579495449626	1.2867925594446965	147.43631790387587	415.7505587670213	False	True	True	True	14.216944595709915
261.26046327004457	-0.7299294539611052	5.456521037134335	2.4291430168874277	2.569199661796361	0.2512788464918524	-0.03074011441023107	-0.013814693176584793	1338803765.8378181	1.1756823426102836	1.4604179619602176	1.4604179619602176	1.1756823426102836	187.82432735780165	709.6986791749378	False	True	True	True	5.495318136300071
392.9431665226044	0.028831314380047456	1.4785515628178538	1.2173873589115531	1.2449237204764068	2.4821752647202517	-0.0074595066150889055	-0.02332694566465855	1348009588.790778	1.2900334391900325	1.3696845423649688	1.3696845423649688	1.2900334391900325	285.4333195792458	409.2080933333889	False	True	False	True	2.7853854793689186
443.6550733577121	0.9652536461783247	2.4166670754330872	1.102553031534694	2.727432013219529	4.057642622028205	0.0326926484064705	-0.013784274369410014	1351927949.7897305	1.3915791522261616	1.3257287335584622	1.3915791522261616	1.3257287335584622	259.90459043321704	347.48204237814497	False	False	True	True	1.1282137630425793
426.9384364437264	1.02556018324381	1.2219421760314155	1.9872922384244387	1.070417020002328	1.4135488959249454	0.013645323038346513	0.0038038624519843396	1329232768.599173	1.2678235835315865	1.3448701484211347	1.3448701484211347	1.2678235835315865	318.56004518699814	455.84431011108524	True	False	False	False	0.47478496951503557
247.65247573914706	-0.34497537224095937	2.8611443722433054	0.9587176274311175	2.982885867048681	5.099303270112213	0.027743568387886525	0.01333026566052419	1352077689.4907784	1.2041128047530976	1.31633935497292	1.31633935497292	1.2041128047530976	361.60406266114575	618.8963348405022	False	False	True	True	4.239430974101994
455.26789011591063	0.6679206438470837	3.303639642111006	1.654431504023349	0.45316936957045284	1.973511631274369	0.01759665148886576	-0.005959000572375682	1343033344.5302553	1.255451344629816	1.3360577973190624	1.3360577973190624	1.255451344629816	332.7314533594657	484.27109454362227	True	True	False	True	2.9167136509558413
495.2395761551643	-0.3153969185599816	1.1263811959485341	0.6738612008033693	1.5984045281173942	1.8405032790753493	-0.016344602159370846	-0.03225351250778337	1350839016.3362234	1.3721399333497242	1.5453206461768176	1.5453206461768176	1.3721399333497242	128.9096407113987	282.0758695323014	True	False	False	False	1.8636447122714197
482.49770027394703	0.7005339086918518	3.891728539607568	0.8839158684183674	0.6915340685524055	2.3323899854108694	-0.020710529685860207	0.00705395962480925	1340639304.0738144	1.1681533420769565	1.351254667272925	1.351254667272925	1.1681533420769565	309.38712693526935	741.3384352857881	False	True	True	True	3.7405220824135172
421.1279680024718	0.6453129465979096	2.9201237875755	1.605365685651696	1.0801141145973037	0.5560982128130166	-0.0011120777045529966	-0.0013300941526861924	1354680965.7990277	1.314714039264843	1.43866543698532	1.43866543698532	1.314714039264843	208.21837196005717	364.4048476955474	True	True	False	False	2.503544964257878
422.79353394439516	-0.03457908536253333	5.642014362080384	1.0387387396344918	0.730307812190031	2.0108163596470052	0.008695882705076815	0.020076020127504823	1336015027.9424076	1.245939145166713	1.465064001318539	1.465064001318539	1.245939145166713	183.49774975442494	507.1587553577136	False	False	False	False	0.0
431.12739891103666	-1.0148051553321205	5.143925668450099	2.256408310096182	0.9529093252155271	5.769686589609723	-0.0065026864405331114	-0.02320115471464098	1327301725.2888281	1.3428656500650051	1.3280015475554545	1.3428656500650051	1.3280015475554545	321.67617748918286	344.4784589311301	True	True	False	False	5.939593749179651
379.043327475612	0.12840991966577828	3.9011028174635993	0.7794651797704893	0.5102949388213348	4.682954647878641	0.0006861318388326168	-0.009161336817492717	1330482018.5068169	1.1992528392203805	1.3401929666541637	1.3401929666541637	1.1992528392203805	325.9886589144271	635.6501142331099	False	True	False	True	2.7524033190189354
