luminosity_distance_Mpc	dec	ra	theta_jn	psi	phase	spin1	spin2	geocent_time	ms	mr	mass_1_source	mass_2_source	lambda1	lambda2	H1	L1	V1	K1	network_matched_filter_snr
267.2252769416377	-1.1937008213469178	2.0711103338687353	2.5103110474869967	1.9987212329254236	5.190465356194528	0.00019184846957103258	0.0069274926808126315	1343735411.2762575	1.4173218776753131	1.33347935499938	1.4173218776753131	1.33347935499938	230.8265666079485	336.77642151301643	True	False	False	True	6.310334021616173
379.55131873123787	0.5606778533569647	4.405880031528718	1.099148074157507	0.3635746769733432	2.251064894735829	-0.016373784896820846	-0.01867077024350229	1326902054.3751872	1.2935640844897645	1.3172230152256628	1.3172230152256628	1.2935640844897645	360.10754906162236	401.8599792204929	False	True	True	False	3.318598893950659
451.2450691385921	-0.04893913830629927	0.31209511153255043	1.039244198536581	1.4221787023036199	0.33826477878040223	-0.0015335199601748239	-0.021456544603976634	1350452445.0488746	1.288061782190011	1.3319776689774367	1.3319776689774367	1.288061782190011	339.01038540512826	413.23574046966695	False	False	False	False	0.0
441.4804712511792	-0.8121957872900432	5.280217582220124	0.3507727001744769	2.3984526663721786	4.703724003634485	0.018185159093774807	-0.022024271892356208	1343203090.9154892	1.4018249106291318	1.387823663975925	1.4018249106291318	1.387823663975925	248.36657598710136	264.4557966410206	False	True	True	True	5.523188493066865
447.0535442890081	0.6776201055497437	5.64865218665334	2.1942422506147627	1.4424052487289367	5.189226013457634	-0.00167181154872106	-0.02065325188046142	1326150350.6598215	1.178477486334496	1.306050676440861	1.306050676440861	1.178477486334496	379.12204004659037	699.3396004508849	False	False	True	False	0.3876297084702566
478.99546833134053	0.041699043066575056	0.5329612763086551	1.8623007253844919	2.132283505152207	4.103290852874991	0.004879412999093593	-0.0002463241989996008	1333246760.2400413	1.1762680446971854	1.3433386528237012	1.3433386528237012	1.1762680446971854	320.92972087943923	707.454372396351	True	True	False	True	1.2512208626650156
343.4934256409743	-0.7491484608894358	2.266140861044713	0.4594929288869019	0.8722117983209339	5.318795598965067	0.0228812608564918	0.02010786125833162	1349148361.8370178	1.2891798681204818	1.3681348329525826	1.3681348329525826	1.2891798681204818	287.5701853562502	410.9657863364445	True	True	True	False	11.950106969408282
171.00308548854662	0.3649340919820049	1.995897014904124	2.256451411152047	1.8066833680093377	5.358900567859253	0.03910936444580121	0.017687786422270292	1346719581.3938448	1.3000374913062982	1.4272907918791127	1.4272907918791127	1.3000374913062982	219.79795179159416	389.23299841915446	False	False	True	False	1.7168200592961336
134.19015405873307	0.834662155690889	0.4863956145537618	1.0961979109715783	2.216298331444628	1.140910645318875	0.017574295267219438	0.011893892114907973	1331004670.8587437	1.2205569999983963	1.3121973175790043	1.3121973175790043	1.2205569999983963	368.7924472498825	572.4721325937853	True	False	False	False	7.824579415697437
372.0936004743889	0.07869930397819778	2.013079921130375	1.3836106513104995	2.908052625143197	2.615693878063997	-0.016399629332739377	-0.027503769720986906	1344981013.3840103	1.4093766746348688	1.5013626532137399	1.5013626532137399	1.4093766746348688	157.49801114589812	241.47526495834003	True	False	True	True	4.682297068330716
100.28942703308225	0.7418806429324183	6.076850589904221	1.9041781099012869	0.4755610035310893	2.76238533911217	-0.021823329260590656	0.03962658286761828	1348723054.7094257	1.3109693087423886	1.3681566001871313	1.3681566001871313	1.3109693087423886	287.54024089818756	370.9206394653078	True	False	True	True	11.729987943777315
186.38485379775943	-0.5635317209639633	4.297400186042617	1.7400055426424696	2.084408292972626	0.48530092079588755	-0.0020047223144184887	-0.008188258535196152	1348257430.4545777	1.1615555144333003	1.3383396132546959	1.3383396132546959	1.1615555144333003	329.02358799687505	766.387144978064	False	True	False	True	4.363446619025385
210.86171809205854	-0.20361657714059972	4.502707477663359	2.7330845492779527	2.1518332168285625	3.9304545141983644	0.01373828146521996	-0.0013460340009534245	1333674745.7274325	1.2647344101313194	1.3167987880190732	1.3167987880190732	1.2647344101313194	360.8231353641522	463.3188974919579	True	False	True	True	13.202891211981598
223.77857703692044	-0.6542697860706256	2.744702498574003	0.9804012693046292	0.8207947064367935	2.7824727087640717	-0.0028038094550646123	-0.0017677423305526541	1329314452.2583117	1.2067762602246819	1.373736332519085	1.373736332519085	1.2067762602246819	279.95591352359173	610.2195027084653	False	True	True	False	7.999964490336591
148.6795736273486	-0.1428606492387238	6.134403776237393	2.343116649723196	2.4491544567888126	3.1121141070540204	-0.006994649037936669	0.007641609207669917	1333764371.2096677	1.3043393555648086	1.3089017457894203	1.3089017457894203	1.3043393555648086	374.4290816016343	381.92352486212576	True	True	False	False	13.23096293697395
294.40056136038163	0.3263683412908887	5.931476608067138	1.8450138324794332	2.347324435825056	4.115153185753816	0.006336548509856862	-0.006222588528632458	1349865720.7292707	1.200234530818983	1.3703037661348296	1.3703037661348296	1.200234530818983	284.58028392475404	632.2666528351358	True	True	True	True	3.23818316222649
478.67352059354226	-0.847319479158032	3.6058704416400276	1.6894483331266732	2.8796251698771136	3.9966838298726644	0.0015600762823286005	0.0007311428352624452	1326086731.3828	1.301872910785366	1.3300816046831323	1.3300816046831323	1.301872910785366	341.68011631836004	386.0406370094347	False	True	False	False	1.1719920911469401
476.9897428939903	0.2133006727349954	6.1922668686642695	2.4471016339893517	2.3247838229173357	5.283019996426071	-0.019942672050663194	0.0290509202420457	1356279284.184402	1.230095899978826	1.523628838920444	1.523628838920444	1.230095899978826	142.71053863632054	542.5411573380753	False	True	False	False	2.5707135134284544
452.82326030926583	-0.15764299105697074	1.9441642400988137	0.6708895982843549	1.7991296591401569	5.603456615384885	-0.020838773708341952	0.00031971599354843134	1351004497.5567594	1.2562043394265778	1.3471590583825652	1.3471590583825652	1.2562043394265778	315.1475660973736	482.57118025686896	True	False	False	True	3.1619134619190086
321.4925909670407	-0.4067800615193556	6.259144187079081	1.9486410597818398	1.4235394275271551	4.808354870286884	0.0013243735159363937	0.0021334661202711013	1336739653.4737263	1.3180840001887661	1.3529117680167269	1.3529117680167269	1.3180840001887661	307.16788606879265	358.67406702209934	True	False	True	False	2.5996833264496493
273.98275167881604	-0.5913985133024318	3.5655365970894914	2.3373281248917848	1.5645529177261075	5.054355855917431	-0.013301182096816036	-0.018565480759991045	1327757837.8420718	1.294741030222692	1.391864733324568	1.391864733324568	1.294741030222692	259.5448264637352	399.43553015574867	True	False	False	True	2.809088283921419
483.2444859476084	0.4968134169207624	3.9561472430748235	0.8552739941550925	2.5809418025571755	1.7937705050735913	-0.0053533600945086844	-0.00036417335174149376	1334511530.9536996	1.270757057919598	1.3395530768683852	1.3395530768683852	1.270757057919598	327.0354935836255	448.66579857614346	False	False	False	False	0.0
221.29599478720382	0.3563418504336513	0.7542965961407324	3.0058964784422155	0.43273510502109797	3.280341487801277	0.030381152423063395	-0.029917137147448602	1332079663.6269891	1.2206584649108254	1.3252814040868761	1.3252814040868761	1.2206584649108254	348.07643415325043	572.1578101598586	False	True	True	True	10.23473016249729
377.43940681118534	-0.4767287566941194	3.1963641961968614	1.3973134840367307	2.5499022074514284	0.7850449372468224	-0.03473862196461371	-0.003701905651660262	1346518811.4924371	1.2298869583463599	1.3583848573412072	1.3583848573412072	1.2298869583463599	300.18607881827324	543.1218844834401	False	True	True	True	3.609561914172358
115.76661933630649	0.3331916110966901	3.449989873437874	0.07005765840332269	2.880365738395392	5.1433464620750815	-0.007272524010328222	-0.00047002135467501857	1343698763.8030894	1.411635166645492	1.3278829421649994	1.411635166645492	1.3278829421649994	238.78494043254963	344.63565441140514	True	False	True	False	24.266772212975297
326.70959186893907	-0.1483536363147247	0.8901300446317745	1.816377169371103	2.620977372675001	3.105812947502487	-0.00986840395870176	0.004564412195541032	1346755991.200286	1.3376675469897534	1.2413039300617916	1.3376675469897534	1.2413039300617916	330.12237332856637	517.7855605963083	True	False	True	True	4.885054358429926
498.0244100959499	0.25764628873765383	3.839473719424072	0.46809160204286915	1.3509152176348522	2.021246441656716	-0.0033007321799687047	0.0033362204587195376	1336578729.9948826	1.195719253609124	1.3339107611546672	1.3339107611546672	1.195719253609124	336.1156883154174	647.2861575398986	True	True	True	True	6.857146608527634
387.4641385540751	-1.0936119728581999	5.111524290871673	1.8761832281020858	3.1000265427168077	0.3546924009973862	0.004308735795402675	-0.004912073280371009	1350987932.4758794	1.2661996504636583	1.3421739614000663	1.3421739614000663	1.2661996504636583	322.77869163647455	459.8063380633714	False	False	True	False	2.837052730940151
385.7995158358349	-0.3438361995358961	2.6337862473673925	0.9556316563786573	0.30606176324465734	2.4044972262682354	0.01610455012480431	0.0029322697753864408	1338131822.5447137	1.2220104014696604	1.3179603202119603	1.3179603202119603	1.2220104014696604	358.87829291774125	567.8856141909905	False	False	False	False	0.0
241.77005336843604	0.780090839819961	1.895839794166938	1.1955455997867597	0.8659581717210868	0.5239435732332948	-0.005849159785367841	0.0033693916276976528	1340647038.064994	1.17583757390276	1.6457199222939092	1.6457199222939092	1.17583757390276	82.07706513501344	709.0999072728445	False	False	False	False	0.0
390.4477478488615	0.41424170821721823	4.562204906497455	0.3118936670916401	0.013500819765210984	0.41383902414509094	0.0002600778107297348	0.008277788304882098	1349708250.9616952	1.3743597237039178	1.322546286519789	1.3743597237039178	1.322546286519789	279.1492757724017	351.81658451190214	True	True	False	False	6.513916925389908
496.03228363377485	-0.6791201543560151	1.5893234776708145	2.4431061926084077	0.7227806650466784	0.1227004469253761	-0.01160635223631792	0.012793285766730628	1328220956.64752	1.244055845177971	1.5473018706009698	1.5473018706009698	1.244055845177971	128.03753366501857	511.63337181487486	True	True	True	False	4.24594518535955
432.5511776713679	-0.1943067210474702	2.9471091042083213	2.1924320045459402	1.4572315561557156	1.862715755933519	-0.002189456797227306	0.01131459861092355	1330984043.2099342	1.3237612709502204	1.4846072309284375	1.4846072309284375	1.3237612709502204	169.11410048453325	350.126256989895	True	True	True	False	4.621771866330461
428.5864951001589	-0.17513608676874093	3.0246381463496568	1.7246740989327685	1.3648313967728274	2.5180940611675497	0.005362208625035639	0.02549163088428679	1335528276.7958918	1.3193685662133807	1.3469225371045963	1.3469225371045963	1.3193685662133807	315.49336681792073	356.5916482534925	False	True	False	True	2.5218236987067097
373.68313411322765	0.44087622352266914	4.286851041826442	1.858124944796673	2.672909938374584	5.068293097226349	0.03158681419135499	-0.0042087835399237045	1352407028.820647	1.223318102389058	1.3319683498154298	1.3319683498154298	1.223318102389058	339.0238967834097	563.6514016728539	True	False	True	False	3.505953213094087
259.0525077111536	-0.6304055467621626	3.1819647235936657	0.30410171778164724	2.0581732511083013	4.9395410065194145	-0.04000061172802364	-0.0008390445113784272	1335472605.3637457	1.2745787747304103	1.364724421791769	1.364724421791769	1.2745787747304103	292.16521115899985	439.69199371835265	False	True	False	True	6.801557438189118
463.0134357400234	-1.268621701074557	1.4211722637476427	0.5933885647489623	1.5727368407755087	0.45945020446492396	-0.012395481701667092	-0.01339512099538145	1356188506.426572	1.1704428095542292	1.3303462088233489	1.3303462088233489	1.1704428095542292	341.3159928371011	731.4533458278962	False	True	False	False	4.2602999411701346
113.0288025620118	-0.10740038538920535	0.9597557743910018	2.2279852254314196	2.1154384092003213	5.001099615470124	-0.007924800715121076	0.0014957973530775614	1331229928.8586805	1.2654871947406297	1.331198560025929	1.331198560025929	1.2654871947406297	340.12561996302594	461.52424131953023	False	True	False	False	6.861408722443158
449.4182476943399	0.6591918332392084	4.140403093492579	2.0834610589414058	2.2505118354773512	1.4656464130104023	-0.022212032432837366	0.014786694509426422	1325620618.9480984	1.364518986764338	1.3654928716402255	1.3654928716402255	1.364518986764338	291.15215319674223	292.43376014090586	False	False	False	True	0.5540226337452671
456.8348360379064	-0.14730860549077862	3.069046155908695	0.5932744723728071	0.8408508768452646	4.055361408799144	0.01291309044449256	-0.006397098851782506	1339833150.2531364	1.3809860733867831	1.329479279159258	1.3809860733867831	1.329479279159258	271.6110086211841	342.5008617125783	True	False	True	True	2.859657538258029
337.3370270678263	0.8423407880286422	1.3194107372627006	2.488312774591471	3.0043641797818728	3.295393416211204	0.0013976230994120179	0.00757311014488257	1347357239.4800167	1.3120321681314802	1.34791037621574	1.34791037621574	1.3120321681314802	314.05910834985525	369.07982246956664	False	False	True	True	3.145091497049795
463.4534813525108	-0.7121781297785993	5.93018261756833	0.6453984117728553	0.7649770404783581	1.1869213960815275	0.002916914744814096	-0.0013116877613988049	1351528289.8887122	1.3766525633176023	1.3374822336900827	1.3766525633176023	1.3374822336900827	276.32006367715263	330.42465000768885	False	False	True	True	2.3965300319991907
317.086368518599	-0.9643499066130412	0.8347790992155139	1.7665556632094814	1.7505640070471649	4.727256594396096	0.018679431391320635	0.007126285502376418	1327466836.4066703	1.2820074952201284	1.3105151252080982	1.3105151252080982	1.2820074952201284	371.7009916742618	424.7807455718165	True	False	False	True	2.6705533712996323
199.89518021202048	0.9059588360665287	2.4123227880778275	2.120515027936643	0.898156708815063	2.909485328651268	-0.013721987841941468	0.0018835558265566576	1329696434.2860565	1.2463240370286541	1.3313996326177147	1.3313996326177147	1.2463240370286541	339.8404775009446	506.2267321527054	False	True	True	True	6.5330419878005355
357.45082444231593	0.5263355040933647	6.226163563553404	1.5061376331488048	1.1018113212803422	1.4203511130826048	0.024792267481514155	0.006279394011471754	1344590247.3767142	1.3807679952648209	1.34790397740976	1.3807679952648209	1.34790397740976	271.8347910285893	314.068315248048	False	True	False	False	4.7775633134640545
479.0221536663038	-1.042336073128485	0.6875962304921771	1.6517459135231014	1.308828509557211	3.254212630187195	-0.0014006143217928514	0.007844597754317487	1328903444.2980154	1.3735895527313104	1.3587859678600738	1.3735895527313104	1.3587859678600738	280.14776459753574	299.6859577683543	True	False	False	True	1.455672835139059
283.38538840395694	-0.9725742035506258	0.24389115363886524	2.1124158673694495	2.9429620471342255	1.4864619125144705	-0.009692580673997689	0.010091251764258695	1327279917.9879034	1.4183368530955969	1.5699433194828047	1.5699433194828047	1.4183368530955969	117.43369064178623	229.40995423962212	False	True	True	False	4.1275069490114715
439.1912175295526	-0.1608039494903267	2.3519919474335347	2.8829533267119674	2.2423523192023374	3.7145168997066884	0.002797528932592598	-0.014504027942463252	1338785183.5311909	1.203405868472863	1.3434717364927953	1.3434717364927953	1.203405868472863	320.72091551601653	621.2972790146197	False	True	False	True	3.7089172159401786
154.80359503284166	-0.3698965558239845	2.52687891970979	1.7230472261255185	0.3578842757797731	5.767800339297764	0.015863907184232095	0.013408771718027427	1332750674.1705842	1.386816475522251	1.3296626937902474	1.386816475522251	1.3296626937902474	265.5804727472712	342.25204511943576	True	False	True	False	5.352183576104018
464.4539047799532	-0.692603920878386	3.4780171395330104	1.7053662806315009	1.7549039165220144	3.2144523072903244	-0.025113086719962322	0.009168668989344323	1348716789.937875	1.250935960542042	1.2998594468664308	1.2998594468664308	1.250935960542042	389.55085557287595	494.90967589244786	False	True	False	False	3.0487283400974863
400.67094901115337	0.39773277799114454	5.342827601103531	0.44498547477179473	1.7141040214889742	2.010717091832023	-0.025012052901562082	-0.007283391690361841	1351544868.875665	1.4163779642408103	1.3422924643835217	1.4163779642408103	1.3422924643835217	232.1708659121814	322.5889643363526	False	False	True	False	4.2158101262352
476.87401201935	-0.6606269140751462	5.167594424151959	0.9221817370737074	0.4195042650861116	5.299478189595065	0.016103574703033394	0.003986901304847142	1347681694.7459402	1.4068378064529743	1.3728627940403972	1.4068378064529743	1.3728627940403972	244.00939349365996	281.1073815214846	True	True	False	False	2.9645883625727922
451.42174402246496	-0.8710804651679488	1.7412219407472493	2.6308703361797887	2.668118834608278	5.674901338020361	-0.021944806065544213	-0.016672951739803932	1349018839.738572	1.1740309440941739	1.3407072830873288	1.3407072830873288	1.1740309440941739	325.14974012638453	716.2508902925794	False	True	False	True	0.8850165623778268
467.2926007298342	-0.44707929716590095	4.0175833320159695	1.0854341467476876	2.3204842777899044	0.6702183276120189	0.006296569871335048	-0.0018788954757871638	1336677250.7207174	1.219563427539167	1.3365160548385997	1.3365160548385997	1.219563427539167	331.9931986336905	575.4902420710873	True	False	True	True	3.756606801627645
410.92498030235186	0.690768445483227	1.803736648814176	0.38555980517321603	0.3862877471451218	6.174404935615536	-0.001868522622686792	0.006753346262189347	1351588173.934421	1.2364169781334045	1.3679618960519666	1.3679618960519666	1.2364169781334045	287.8079444618533	527.8020643005647	False	False	False	False	0.0
485.5901009335151	0.5443898970586991	5.650500120116049	2.741430430042185	1.6653388191502738	0.38437106768732826	-0.00280054126303476	-0.00011361072089136637	1355548978.0698755	1.3290383709060112	1.3646224910214684	1.3646224910214684	1.3290383709060112	292.29857164172455	343.0954840717551	False	True	True	False	2.926642170875852
321.94010859396076	-0.49933831724738487	2.3357869646645018	1.945613635841961	2.656452768015707	5.058093714747012	-0.035236030209299905	0.019555139604098517	1348776256.308206	1.3030710407248542	1.4653537696557801	1.4653537696557801	1.3030710407248542	183.26888090752564	384.0225589606887	False	False	False	False	0.0
455.68642153800306	-0.21589328316839004	4.371767112782962	1.886315512786638	2.9250194548770554	1.110248753643417	-0.0014869586115621605	-0.00023197907510233776	1332188955.0174131	1.2986617138729333	1.3491441446061532	1.3491441446061532	1.2986617138729333	312.3036255473893	391.73463762325804	False	True	False	False	3.00188127488143
461.80023137161965	0.4504487220338226	2.7381016718245994	2.934118780888437	1.7677544699936172	5.3648987358794376	0.007323080020546508	0.00010691827327753193	1348889836.89651	1.3136315706915798	1.3313931594566695	1.3313931594566695	1.3136315706915798	339.8496849876991	366.2903550553858	True	True	False	True	5.4683486120527185
216.13244823364977	0.07950486639334207	0.8349005607737557	1.1396042624265077	0.36789981721896003	3.858575837437968	-0.01042888457239373	0.006453429190812573	1332299082.1305275	1.3058637777043902	1.345301803304751	1.345301803304751	1.3058637777043902	317.90497679910374	379.42738698555075	True	False	False	False	4.246799683777588
338.1538562978532	0.1607836998857955	5.227564324772777	2.5934714308929543	1.8342710539834544	1.479845581319649	-0.021405014956652882	-0.02340453454160197	1348806781.202435	1.323056177510759	1.4728729266074596	1.4728729266074596	1.323056177510759	178.37345881084843	351.1001526146894	True	True	False	True	8.378232257840729
253.05045536906488	0.07887112093535355	3.8980119957135284	2.1955153584818157	0.6041875362624929	2.856657318285366	0.006120021189236182	0.005419712152574872	1330138467.6414587	1.345261879772507	1.321040773883912	1.345261879772507	1.321040773883912	317.96533300928604	354.0064654927473	False	False	False	True	1.8744206126479441
163.61392242937464	-0.072978856381997	2.2035164442559863	0.6777051784275331	0.9459048756537524	1.4286950079129068	0.025509607045177133	-0.003908016861465482	1344598249.2418556	1.412337270035175	1.3603127842766736	1.412337270035175	1.3603127842766736	237.86316387281786	297.78179942749597	True	False	False	True	9.353636765294247
489.6531098993964	0.43806837443625324	5.744030030346357	1.196422529737617	2.779371970646499	2.669330292254526	0.006799567700595261	0.010075042582062025	1337756563.6254349	1.3533046159931366	1.330077554140345	1.3533046159931366	1.330077554140345	306.65027596595525	341.68567232105244	False	False	False	True	0.19039076571750269
488.3960639082085	-0.3291229258944901	3.221026929448421	0.8731443159660838	0.3400529359301028	5.048248691551181	-0.01013621519070293	-0.0022509498095820216	1333111441.6406188	1.325594430035895	1.7379343432448477	1.7379343432448477	1.325594430035895	54.23615910148912	347.66021304101	False	True	True	False	4.687335732865918
369.0159711621596	1.0534570974225956	4.76373640662984	1.714255717523297	2.6400490704917976	4.139680845223648	0.0037465562753266966	-0.036444014355257695	1327734567.2103047	1.2147545703647813	1.3167115935792075	1.3167115935792075	1.2147545703647813	360.97089152237334	588.5889353733369	False	False	True	True	0.7387945916980572
358.6065384834879	0.5347614699229345	2.158022688760459	1.4068947964412906	2.352638455178754	4.246595106242483	0.034604768695081944	0.013639296113282394	1326665313.6201065	1.3676237758767842	1.3424965653424465	1.3676237758767842	1.3424965653424465	288.27194395967496	322.262977627128	True	True	True	True	1.8285042266275193
478.50695713233836	-1.0745841849775981	6.083287374546452	1.9680594248455696	0.9636212321750843	0.047966596895565865	-0.0025262876555507932	-0.009009739915936722	1353123015.518274	1.3126602256648396	1.3166963936472267	1.3166963936472267	1.3126602256648396	360.99667121936096	367.98573183016435	True	True	True	True	4.610924056590477
171.29214126848748	0.7019184238928559	6.023406537441916	1.6477028978072772	2.5328274882060704	3.759290575573756	-0.0004912902079830939	0.007160753469082939	1332727162.94512	1.2690480300311857	1.3646912356228826	1.3646912356228826	1.2690480300311857	292.2086550665707	452.83950515652685	False	True	True	True	5.0617836154852665
374.4426005039766	-0.5392359692264049	5.477825001355163	2.10381744689953	2.309499127783833	4.325392904878713	0.01064193445477845	-0.010846374184390745	1339041640.563945	1.2666916517414029	1.3547544881920328	1.3547544881920328	1.2666916517414029	304.76648202912884	458.61139598667484	False	False	True	True	3.98822359302097
453.00322835108784	0.6814211122131294	2.557789898977192	2.1819787458251407	2.352709972983145	3.582154938998191	-0.022451119192589002	-0.041720866977268956	1333128699.3227117	1.297249510661244	1.346739043770701	1.346739043770701	1.297249510661244	315.7626941406618	394.42091534078776	True	False	False	True	0.2597296138658259
407.6787528837564	-1.0943148300583776	3.259691182869394	0.757898122006425	1.9553031529304838	0.5815642250519144	0.0025543492279649633	-0.003694034073142687	1353371050.650959	1.3131854677521537	1.5746317428245025	1.5746317428245025	1.3131854677521537	114.50122808745623	367.06908473036697	True	False	True	True	5.602632716362544
402.82233870161076	0.25085478649770604	0.037465958260547216	2.483292781253231	2.3234149566633935	0.1026368031239366	-2.4381883529416874e-05	-0.008627053561189993	1339181027.6266224	1.2776633097730783	1.385666865890368	1.385666865890368	1.2776633097730783	266.8170699143025	433.12972549836627	False	True	False	False	1.3526684161970912
280.460967003623	0.5692918457293699	2.080123518741108	0.8127443966205354	0.47803326301036614	4.856809027559664	0.0008819994586510012	-0.006291424820048917	1326248624.5325286	1.321061470745619	1.3406766788315267	1.3406766788315267	1.321061470745619	325.19957774413393	353.97549297779847	False	True	False	False	5.688288608079387
425.8125276055151	-0.6561551382100385	3.587052404419624	1.343352497020512	0.6877697000782963	2.5209715934417125	-0.03127456457504245	-0.007831755865658749	1350304814.0778549	1.2517177437159435	1.5245141298383271	1.5245141298383271	1.2517177437159435	142.15226163031204	493.0107637034435	True	True	False	True	1.5573211780536893
415.8724626939973	0.2919953439384145	4.495836509295687	2.628976418466393	1.9774215883141768	0.9929592618661602	0.04220020891725152	0.015776182510106804	1349000237.379962	1.3787689200083872	1.3429160286193689	1.3787689200083872	1.3429160286193689	273.93606833928493	321.5963663216097	False	True	False	False	5.409034603448999
215.1215597464964	0.3828678205124504	1.6760291455997007	1.624219992581929	0.37380966515181707	1.171143498098606	0.014391779964958298	-0.010950082107788568	1327015990.9404821	1.3916367146197233	1.3459219617094447	1.3916367146197233	1.3459219617094447	259.83213480025023	316.9733773302206	False	True	True	False	4.790992537107309
338.616208710777	-0.8197670611307534	3.4719326319938633	0.9525908884620381	2.272206677848625	0.8132022152407833	-0.005869561034752356	0.00934198344196724	1349225471.9746451	1.367841508929432	1.342378276376603	1.367841508929432	1.342378276376603	287.97329081376483	322.4517832489032	False	True	True	False	6.609750507515326
72.7262464000148	1.3169230176516906	2.6574755175385874	1.995177926015611	0.7569027386102997	5.0945568798011545	-0.010814482573525632	0.002531688516662573	1332979239.9761357	1.3425507705843611	1.313727890201116	1.3425507705843611	1.313727890201116	322.1765751861938	366.1222730021571	False	False	False	True	1.4350897669693854
381.4236363583243	-0.7013849254491162	0.3037193122604597	2.0803140304626577	2.157438307811725	4.97034549090803	-0.017099893511126594	0.029698728896784838	1325932241.3064966	1.3268111142072272	1.3729653813740694	1.3729653813740694	1.3268111142072272	280.9710050964148	346.0516009396317	True	True	False	True	6.262027793960024
409.06621326206783	0.48185351536008525	2.3181662343024128	1.6495429506026262	2.9909683639080353	6.12623518141879	0.013320802194498457	0.006353370943094048	1340531990.7227447	1.3733223636073173	1.3432531520252935	1.3733223636073173	1.3432531520252935	280.4987477980885	321.06416007427526	False	False	True	False	2.119063172219578
406.757342741228	-0.502665682769251	3.2895015766775946	1.4387283239073465	2.714550937340766	5.819370634759492	0.003799999297582051	0.013984894184207352	1351379457.0781965	1.3550410831062827	1.29395716518671	1.3550410831062827	1.29395716518671	304.39882953679796	401.04682309300966	True	True	False	True	2.0648160502317348
427.56895536289784	0.11282139888238199	1.9642343768278385	1.1898427940170009	1.274260583737641	0.12939701219531505	0.0065487662854341756	-0.017615698665638488	1348372579.4867826	1.3803160341802772	1.350985707075136	1.3803160341802772	1.350985707075136	272.3012322557169	309.75301556811985	False	False	False	False	0.0
413.563257549906	-1.0138437151767774	0.0028942953878658972	1.3916014503707943	2.6747221243391834	2.5729375572271884	-0.019148510518961864	0.005227467969836606	1344838912.4917052	1.2623616226225127	1.340516084873916	1.340516084873916	1.2623616226225127	325.46127963694977	468.8168114197733	False	True	True	False	3.016295417402787
223.94156209091236	-0.417004117340175	4.991198766276785	1.0974261369850697	2.3741223384886236	1.44258348557037	-0.018715753658620493	-0.0012539524872280906	1334406270.342771	1.3368216179559556	1.358004703151646	1.358004703151646	1.3368216179559556	300.6604919902502	331.4986983952572	False	True	True	False	6.581007967717935
313.3773168114805	-0.08031492303809848	4.337393175848403	1.5712550224192432	1.175141671005638	0.04046911578656374	0.0154440559546528	-0.017959733505523188	1346901791.3793952	1.166043163358011	1.3507347517222263	1.3507347517222263	1.166043163358011	310.0958956356702	750.1531081816554	True	False	False	True	1.6646399641397591
126.84621080953005	-0.017604678123361216	6.241321416319074	0.7748901168475003	1.0873223679354862	4.0871397463700045	0.002847246173616395	0.017793772112730644	1334568889.734304	1.3692363904468148	1.6901445516875866	1.6901445516875866	1.3692363904468148	67.43465920563534	286.05163377804297	False	True	False	False	7.189528974357255
467.53743044533627	0.8594491626786908	2.1758317455162475	0.8016862091155715	0.20986234844377719	1.63928631895156	-0.0028382160779127736	-0.03182428145169171	1332979923.6305723	1.260890597941048	1.3349214413309538	1.3349214413309538	1.260890597941048	334.5403285949533	472.13328746964237	False	True	True	True	4.559991099680203
162.75939651255226	-0.3946198822810269	3.2928293392155665	1.7537616829178784	2.747818310271868	4.139175854433395	0.03249734442297772	-0.024565704625298803	1330013750.3117075	1.3239880999240772	1.3492176454896583	1.3492176454896583	1.3239880999240772	312.200258182944	349.81655427652043	True	False	False	True	4.40377603835097
447.0126267876473	-0.004574953071330519	3.26790612447724	1.6008639707251753	1.8165372802585071	4.07349599870817	0.016029517733189287	0.01429294591973896	1332875622.4152339	1.4056292406092001	1.3481203322310387	1.4056292406092001	1.3481203322310387	245.09487563744543	313.75760828565296	False	True	True	False	2.7209524387886956
488.28924981660685	-0.3857013260003457	3.9202095274022537	0.6455689383594713	2.615746895605259	3.7396797699640967	-0.009286250075943768	0.022423772774915522	1340669890.9351876	1.4081701757065583	1.349632379969136	1.4081701757065583	1.349632379969136	242.73246954246494	311.61949253308273	True	False	False	False	2.148157485873391
492.04865999584894	0.2714698624775559	3.21135968037863	1.4370329439344136	2.1441287700128693	0.522837745157096	0.012073328965933891	-0.008139816405440573	1355762244.4101331	1.2145071891247223	1.3631700783765281	1.3631700783765281	1.2145071891247223	294.1762556431619	589.2213884792502	True	True	True	True	3.733818278857457
300.54134365392673	-0.6276581213860186	2.2681589984730706	1.3198938190639058	2.159534277105346	4.195770256312215	-0.010027624471474365	-0.0015014506009430376	1350932797.5765233	1.1891460156638582	1.331573792101306	1.331573792101306	1.1891460156638582	339.5920370699109	666.3433848361782	False	True	True	False	2.9767515923236885
374.963766845426	0.10960119808558282	5.454642303800134	1.6365560656270335	1.7146596733546888	4.828319537654165	0.007959399465305895	-0.0014547673025325284	1335106503.112565	1.2190474017424617	1.3660304934017962	1.3660304934017962	1.2190474017424617	290.434759455422	577.0087946141883	True	False	False	True	0.7579819905647008
352.1060973893675	-0.47065302181561797	4.8026154985849105	0.9096759587706813	0.20899193435545063	4.504665703761808	-0.0001352872260376078	0.0035515505568589414	1342977406.8475199	1.3157691605405233	1.3484483549711632	1.3484483549711632	1.3157691605405233	313.2888531653762	362.5807134172061	True	False	False	True	4.695761092991458
406.6126010902777	0.5144726111551784	4.516269698649371	0.6226199797622062	1.7882948175677629	4.863609951851778	-0.0034961369410245738	-0.0017419368161225722	1330155873.585506	1.39526601314725	1.3353835580788123	1.39526601314725	1.3353835580788123	255.28875568454774	333.80892644904	True	False	False	True	3.8607364521932435
360.85869132981094	-0.024450099162536782	1.0976715975706488	1.2115848172819919	2.8999879237903503	2.281581367523898	0.009345872369062251	0.021593365531526916	1337513630.4857204	1.2315581262628763	1.321805729852598	1.321805729852598	1.2315581262628763	352.87856794978666	538.6830384386302	True	True	True	False	3.499355990045361
463.62929184785844	-0.9619747688993926	1.7479459028369926	1.1214963893789986	2.4608564255421266	0.36150348410882144	-0.023536680131834575	-0.019255309038184405	1352215480.842844	1.3281082580178865	1.1908409173135126	1.3281082580178865	1.1908409173135126	344.33688913614947	661.5977169980858	False	False	False	True	3.007161307613647
202.60255632302272	0.412596305118715	4.483532114695632	1.6008150193934627	1.3907439188636757	1.6810320425466592	-0.029464563557633387	-0.016406445744528212	1339331842.358112	1.349594221813873	1.3095475827264715	1.349594221813873	1.3095475827264715	311.67275091148844	373.3458235223825	False	True	True	False	3.983620567444573
412.66739382255616	0.30985425344043155	1.816880291309316	1.0186131474607716	0.8855680295614142	2.1076584620790055	-0.0033641885177617763	0.0017204068845836583	1335318648.9138432	1.376940679740615	1.3208633118803468	1.376940679740615	1.3208633118803468	275.9825776452055	354.27312678233443	True	True	True	False	5.644034774473766
91.07661336961985	0.9401101747816832	1.8681085527190457	1.0370755355353718	1.3344374991780676	2.074910827397626	-0.0034728555492305	0.006142532657498819	1326545191.7432456	1.2972885469477555	1.3149684273022546	1.3149684273022546	1.2972885469477555	363.96343165214427	394.3451205478591	False	False	False	False	0.0
363.54877225055884	-0.5451074773129896	4.303274341381349	1.8022792857064498	1.173305193024782	6.260043920990206	0.02616636159614813	0.004526968876087491	1354229397.076328	1.2377273095326364	1.3520247860606083	1.3520247860606083	1.2377273095326364	308.34838824681503	525.134655268415	True	False	False	True	4.115993824949766
453.6411476670077	-0.6208528068969466	2.4325016438198377	1.3065471012136005	1.4026646818894508	5.324841129698065	0.014059661770029465	-0.027490991531534708	1348315400.9524474	1.2311601164764656	1.334938398283805	1.334938398283805	1.2311601164764656	334.51360333412305	539.6976831018501	True	True	True	False	1.5790085158014784
405.587956692653	0.8689051780474545	4.272105712502433	1.5315875976873548	0.24538311609158134	5.695852480965549	-0.012814649568067916	0.007104683406251193	1326928219.530394	1.36598744806343	1.3822337204068373	1.3822337204068373	1.36598744806343	270.3412211051215	290.4924702973745	True	True	True	False	2.7161732402502134
345.8221610191669	0.3130227074670577	3.2428084709469633	1.2288614111959195	1.8172832792499838	6.055878653408118	0.03845050908507314	-0.004432724812337363	1354503003.0690372	1.3077633460748777	1.3406374252235145	1.3406374252235145	1.3077633460748777	325.26351709040756	376.3157648285006	False	False	False	False	0.0
296.5868437079537	0.01417887266252543	4.109233073566961	2.2836012915253336	2.5381830495677145	3.822231370767211	0.016913287912124198	-0.009595088765298016	1332521608.4359982	1.3026880112319466	1.2948353870728182	1.3026880112319466	1.2948353870728182	384.66326252768624	399.24266909807557	True	True	True	False	2.4736552049830864
481.2525437030612	0.27369278467499947	1.5357769778353285	1.6253662474908468	2.6128485968805704	3.165199863415194	-0.022479956309957642	0.00340298912285388	1335302430.528885	1.3934072798527462	1.678007241722672	1.678007241722672	1.3934072798527462	71.65506715369605	257.5982836891418	False	True	False	True	4.126277358724813
417.03606014880205	0.438400627593584	0.3431367021506567	2.6737005363639366	2.502769559757293	2.945511512095368	-0.006155500832356333	-0.016185763457925786	1346488791.9866614	1.37897712045135	1.4173366884289553	1.4173366884289553	1.37897712045135	230.80563884284285	273.71181657203084	True	True	False	True	9.151850939024143
482.7049532825025	0.07637879974911717	1.7273543405372922	1.5378956135727817	2.5548635212184343	0.8116457876147956	-0.023741470597217446	-0.007168102417952873	1341115561.4635572	1.4143110934202454	1.5817074266171762	1.5817074266171762	1.4143110934202454	109.67307304730129	235.1318018792561	False	False	False	False	0.0
389.8846767788508	-0.31464347565902173	4.38397876563309	1.3796590904808876	0.843198289218051	2.6761666419419505	-0.03204471241084299	-0.025721459057681695	1356213833.8420367	1.2220784214233247	1.3875360732250743	1.3875360732250743	1.2220784214233247	264.7814282160525	567.6672568768397	True	False	True	False	3.2878921298140438
219.47958466964027	0.6527582097884673	6.066094957294216	2.3579614697346227	1.2364522236229827	1.4341720388983301	0.002923516849959191	0.003925035504308886	1353942308.9955103	1.2059927103313641	1.3588634240138895	1.3588634240138895	1.2059927103313641	299.58941300161234	612.6973738243754	True	True	False	True	4.085830178675855
493.7893480395641	-1.343037652817189	0.42588262758585194	1.6532889439936655	1.700033996202101	6.236217832138318	-0.0383893367212022	0.005866667722058067	1335841907.208733	1.3673739813242396	1.3250998079356546	1.3673739813242396	1.3250998079356546	288.61386189026797	348.3186063648794	True	False	True	False	1.9302442345755346
470.1760655210577	0.2232537657442266	1.2232081687822016	2.3092557190350202	0.02448418009846765	4.420226874156668	-0.004282044883969991	0.0280237683558775	1345128217.6783748	1.2508778191753724	1.3163444629812158	1.3163444629812158	1.2508778191753724	361.5953489709754	495.0515425166884	True	False	True	True	5.019288127727118
369.17385749562584	1.1081692538911294	0.19953650876022294	0.3996906862590864	0.9878875269457735	1.684078953915217	-0.012114107999728983	-0.00787653402843535	1342221962.7926702	1.307582917249577	1.1326995793849075	1.307582917249577	1.1326995793849075	376.6127399747701	879.5729673579921	True	True	False	True	4.68393633301731
312.15984474426347	-0.4910864258482029	2.838065198032899	2.5508378502682754	2.748008228912559	3.7702967056676693	-0.014059158528379424	0.03566996395761271	1355744303.1106226	1.4087698419732335	1.328468932112903	1.4087698419732335	1.328468932112903	242.12130297110642	343.85725020259366	True	False	True	True	7.952590283535312
443.5187395663113	0.010882107310870227	2.3039657652278707	1.6300435617784714	1.812592002008139	1.8200470478242399	-0.001478508126538942	-0.006582324683936643	1344882769.1393943	1.2996628956857035	1.3116807752808877	1.3116807752808877	1.2996628956857035	369.69026318094325	389.9036746728497	False	False	False	True	0.03680372117331004
419.34239777388143	-0.1493914155720784	4.97049809916906	0.7572121762559102	2.2803464540061604	0.011729048852685272	0.029774885585792863	-0.006396531059899534	1330557082.7351446	1.3524201795337008	1.3382992900605257	1.3524201795337008	1.3382992900605257	307.8200946494441	329.0895998103406	True	True	True	False	4.157737919466405
360.9823320229836	-0.1207808967741941	0.30116609357005425	1.6722861591297735	1.6090136333618255	4.094894176885294	-0.002493824478119057	-0.0005559747564858142	1346752650.3048193	1.391656815502815	1.347026178307024	1.391656815502815	1.347026178307024	259.8068255116599	315.34165274392524	False	False	True	True	0.6119635989980151
226.0842475994733	0.8352342866363002	1.4914158865270932	2.2596975479394894	2.7004807863289937	4.404881889407846	0.024699219458301502	-0.00816070728042032	1345888727.2588599	1.3378735683709535	1.3717241354590601	1.3717241354590601	1.3378735683709535	282.6382338293301	329.7859166844685	False	False	True	False	5.878832918636828
380.99097141577306	-0.2609598862505489	2.852141742209056	1.2028028889684494	1.0721656514390867	2.286282749488149	0.020883735632806343	0.00293637235968001	1341693419.9085002	1.1922029871442814	1.127129956939829	1.1922029871442814	1.127129956939829	657.739054078485	902.1825920743175	True	True	True	True	3.0675184890650904
466.8286881814084	-0.9032206551943258	3.1013550445827196	0.30787884183566244	2.2747247378685866	2.2777980113628544	-0.01177601415454668	0.008646517208568896	1335084209.9437299	1.3524199292712036	1.4225512691113296	1.4225512691113296	1.3524199292712036	224.22236739800266	307.82042797541556	True	True	True	True	5.587916980147446
361.2367884063307	-0.5966825744669875	5.6620399245890205	1.9704599876062865	0.6085556825738311	2.285696185210498	-0.005298250281573335	0.001214710236518124	1333281093.0659087	1.2810768855687695	1.3620565605926154	1.3620565605926154	1.2810768855687695	295.5920914286721	426.5219826193484	True	False	True	True	2.489888377854666
497.84832161947577	0.019041903291866665	4.106156783647409	1.0474745768624938	2.6054868193462393	4.971910505309755	-0.016175816193190456	-0.018249007095835764	1347584619.4189737	1.2744242880617822	1.3229446901592985	1.3229446901592985	1.2744242880617822	351.2558630652343	440.0394207410841	True	False	True	False	1.645071419889103
453.207690304983	0.6034130414325654	2.862848191004684	0.6426029327949616	1.3850195841050317	3.9284392122471754	-0.0005344535477336348	0.019046030153573524	1349542812.2094164	1.3090994946091774	1.3118202394987855	1.3118202394987855	1.3090994946091774	369.44816705350826	374.09854549994355	False	True	True	False	6.480217217024107
420.65336557467145	0.4638573106549408	0.15772465838106423	0.6390232567117965	1.2526149928134913	2.9373372881807374	0.0026150017048993156	-0.01142786959550978	1355304713.491718	1.3777906209944053	1.3457510379896478	1.3777906209944053	1.3457510379896478	275.01226323359924	317.22902907083466	False	True	True	True	2.2511492047446
474.8450908488912	-0.11143178630410606	2.884277556026427	0.3811754102745881	1.2301907619673258	1.1815629092356021	-0.002788920728201641	-0.018062814225627485	1350588655.756902	1.3469952969308412	1.3047826740835493	1.3469952969308412	1.3047826740835493	315.38682741671346	381.1957535642195	False	False	False	False	0.0
482.55074184121986	0.027596132376476918	4.723259751305623	2.6785695488433334	2.137616388344321	1.886874874141374	0.0002498787776814708	-0.006897874591983345	1328657490.1872263	1.4163226316044168	1.3892185717063463	1.4163226316044168	1.3892185717063463	232.2501502923593	262.821220049515	False	False	True	False	2.250659343732186
470.37673182689764	0.31333891591650664	0.3356696136756432	1.7407377329573703	0.8374301049926436	3.9329604569365944	0.005767323408592049	-0.009834381710007762	1349181181.3220847	1.194418753334023	1.3285169928695058	1.3285169928695058	1.194418753334023	343.7931870421509	651.2621577440848	True	True	True	False	1.9351753813252237
362.63264782303435	0.2079198807889329	0.6120986888725959	2.282164535616167	1.9445223767807867	5.518792284600524	-0.003376551756404579	0.003100523083655781	1330594227.9439418	1.2575164935934586	1.3436731599520673	1.3436731599520673	1.2575164935934586	320.40594648473075	479.6374330258812	True	False	False	True	3.2448574694314236
418.9753090994398	-0.26377959439571413	0.16791055831956542	1.1187550447734924	1.1696863483150586	0.14961475340000188	0.024174440797029562	0.0026385814309051758	1356144724.3113143	1.2507730008082867	1.5100326116292588	1.5100326116292588	1.2507730008082867	151.98737323028314	495.3074978603859	False	True	True	False	4.84999634448658
303.6644715052652	0.10232510068278561	5.438104420159241	0.3761733430460123	0.5813397516821864	5.728680116902031	-0.00817811858369629	0.008040934980900038	1331596074.2307427	1.3413802374686272	1.254878817379814	1.3413802374686272	1.254878817379814	324.05716234214856	485.5745903329477	False	True	False	True	6.988472314593697
254.8623659523545	0.3902668614175947	0.07039593286496404	2.8035007887159695	1.4295720083548342	3.555312480906045	-0.017827594687663234	-0.02480542184913328	1350692349.0729895	1.246497253004271	1.3659656080510731	1.3659656080510731	1.246497253004271	290.52173359356476	505.80581926535785	False	False	True	False	6.685710778086004
106.22119436974486	0.4371541149019459	0.5301703832435151	1.639890292836087	1.21418415674143	1.9927531028010073	0.005395409702766694	0.0041302651333573	1344059703.8622406	1.366461559886457	1.356681703885987	1.366461559886457	1.356681703885987	289.8544258064052	302.31800481589414	False	True	False	True	2.2803597874857178
475.5900231597415	-0.6517095929638527	0.5674787745044152	2.2412931791644346	0.3323287426344316	4.326828590323729	0.040288168595800075	0.01411522894350297	1348685536.4715312	1.202058015909847	1.3057870747617752	1.3057870747617752	1.202058015909847	379.5527041202329	625.9393251898665	False	False	False	True	0.2511569632859954
471.79929165011515	0.9470903664742983	2.1840515230464375	0.5552329843233517	1.5730795347841504	1.456416410586006	-0.008019261885541834	0.01674316953348338	1340570057.421095	1.2432802811887174	1.3667344217647046	1.3667344217647046	1.2432802811887174	289.4850081366739	513.4218272547193	True	False	True	True	5.257437460070256
454.9879320988126	-0.21792536994451675	0.43003060033505935	1.0886388908193603	0.0645539903142346	0.4674764908176607	-0.002796373170520727	0.011535084121361604	1338738870.7781055	1.3930802307211438	1.3552511661312137	1.3930802307211438	1.3552511661312137	258.01033291320624	304.130221830007	False	True	False	True	4.862844338803102
367.0302029809789	0.6586663470459493	1.2781709927342668	1.7947180970838266	0.8476123352564633	0.36424642393692547	-4.803838413126722e-05	0.025458652560718352	1342053644.677989	1.2014850759679416	1.3959710314968967	1.3959710314968967	1.2014850759679416	254.43665123325036	627.9269399534332	False	True	True	True	1.9126085002437567
366.8239837263928	0.2860466649864939	1.8290366225902701	2.503100690889254	1.8394043963663442	1.3605003112653449	0.006619575022497126	-0.0186308639341418	1335291925.860028	1.3878420040190975	1.4212741620497746	1.4212741620497746	1.3878420040190975	225.64068932826126	264.43490057248073	True	False	True	True	6.269303617585371
411.89284804186633	-0.8600270413444675	0.7356852174833347	1.5480683246772016	1.4916022014869872	0.7165776636094676	0.02170069726097702	0.0196935372164823	1344437830.4287746	1.2764921969823912	1.3589875558711955	1.3589875558711955	1.2764921969823912	299.4347000222431	435.53634515475517	False	True	False	False	0.22565351875915976
478.06617085841884	0.08426859342401659	1.9631375448905184	1.9039522186546713	1.2232945134160176	0.05512333023581922	0.007537299402698982	-0.020996857922188614	1350237619.832812	1.3590393777528962	1.3356410321201977	1.3590393777528962	1.3356410321201977	299.37011353219964	333.3988160293403	True	False	False	True	1.8333935377091226
485.7841630983807	0.3653137606106831	2.4646799885404995	0.19876990456283494	2.748846849126495	0.8774544549999921	0.0024364151238767647	-0.03588538048312596	1336785462.0006974	1.1960596169857454	1.346724036568098	1.346724036568098	1.1960596169857454	315.7847623987916	646.2186591362681	False	False	True	True	3.371726095577466
439.1724988997355	0.5210316966598741	3.5618425696143055	0.28462821882935463	1.6169546021083934	4.4483025035120445	-0.0002932288682633748	-0.004907873532295074	1346388281.4900696	1.2983755301996083	1.548643212752841	1.548643212752841	1.2983755301996083	127.39816799713391	392.2692156635755	False	False	False	True	3.167262520947349
455.9506952468917	0.14720223740449767	3.833101074299667	1.2824965399990016	2.6753834461869994	5.763968416115067	0.004231027640753996	0.003893258863585548	1325679784.348795	1.1764819628940701	1.3305554009750054	1.3305554009750054	1.1764819628940701	341.0264083733261	706.6446999561058	True	True	False	False	5.1654010713550615
365.15882412175995	-0.9616405220516896	2.903665326994943	1.5571120109956316	1.022068891966024	0.9098117831153468	0.01991335152115983	0.007305650454785116	1350321703.193712	1.3902311698549707	1.4185621758755789	1.4185621758755789	1.3902311698549707	229.10128322979344	261.58687913428867	True	False	True	True	2.1754205606277446
470.02699852234457	0.1810671913531662	2.377826401841023	1.8618438806086162	1.2229748069463895	3.5473077273967295	0.009156174727362196	0.005660689110904726	1346368063.4286082	1.3315958638479104	1.3557583132150504	1.3557583132150504	1.3315958638479104	303.4846443260487	339.56045174435735	True	False	False	False	1.3988500766896803
482.31107513278266	-0.8537460819611223	1.2484109647882224	2.905008228828502	1.8952101588616328	1.3839620549259128	-0.01193675684238199	-0.004241999028014211	1331711745.0573921	1.264142986050514	1.3780373585228418	1.3780373585228418	1.264142986050514	274.7370609627233	464.7110128537835	False	False	False	False	0.0
492.39935751348	1.1043852565443941	2.1610983731251276	1.4724146600715882	2.609408319865174	0.23059140078338786	0.006420815415473573	0.031178724142531564	1335963255.8509042	1.3728461759454391	1.3608130671275764	1.3728461759454391	1.3608130671275764	281.12949980089894	297.1560533305932	False	False	False	False	0.0
449.6372310390884	-1.0333453424641053	2.9692957110084013	1.73626455942972	0.8244256089405227	2.7871285590300214	-0.001652468490440133	-0.009813393013562292	1355275316.574625	1.245809294564872	1.3511717988090104	1.3511717988090104	1.245809294564872	309.4996854485616	507.47208487290317	False	True	True	False	1.4503415398099249
451.26814949357606	0.35729217817223585	5.872383538401639	2.4352742507511307	0.1209861514300349	0.1734085767416117	0.003096791600584877	0.00733289485193964	1330707557.6171098	1.2297966727377037	1.4410368625642933	1.4410368625642933	1.2297966727377037	205.59263355770167	543.3749708952743	False	True	False	False	5.6332733487403095
460.9769415269509	1.1073297555454316	1.78772140311769	1.0332088797510657	1.4642202923042502	2.7294804962874437	-0.016310862170604196	-0.007313085866838836	1335268415.232635	1.289539717511804	1.327886427368638	1.327886427368638	1.289539717511804	344.63103742094444	410.2269204978668	False	False	False	False	0.0
346.40968665311823	0.0267064305365517	0.30476578499806145	1.1822018258627787	2.422608510465232	4.405648550145573	0.0031652314111454407	-0.013064462765933333	1327392733.4722118	1.3355476817547132	1.3295841188277004	1.3355476817547132	1.3295841188277004	333.54770915918476	342.35875057749763	True	True	True	False	3.4901828202899017
442.19305692153984	-0.13280688364008453	3.7777544582688076	2.2225448141139563	1.2997496607806192	0.9993711405525294	0.0023143355096751886	0.018379128550612304	1351557313.8484945	1.2830448526482503	1.3281741227426858	1.3281741227426858	1.2830448526482503	344.2494367860769	422.8485480061145	True	True	True	True	2.2729861820013593
448.1496796105361	0.5468246984133248	4.163934001411566	1.8756959699766267	1.3520841402228088	1.7169724992353692	-0.008026529349372981	0.002882024698688468	1342548856.1670775	1.3661073120808371	1.3335696678029956	1.3661073120808371	1.3335696678029956	290.3316561741461	336.6387350954719	False	False	False	False	0.0
379.4743874876086	-0.7118919206843591	5.917352133977197	0.8737733488919217	0.5059975830505082	2.2095297578579807	-0.024910240781268477	-0.03541176027952726	1350643009.9678638	1.2962262595652867	1.3571632729145637	1.3571632729145637	1.2962262595652867	301.71316429611807	396.4347893486311	False	False	False	True	0.16931108728562688
136.65298565711475	0.19895483160923294	5.063684555113306	1.5283794594695368	0.4395109797606975	1.302561308889746	-0.03595318616221317	0.00042629745833855284	1344806495.9308429	1.2601111570703871	1.3177038346772103	1.3177038346772103	1.2601111570703871	359.30368587147854	473.8731151642392	False	False	False	True	2.2455050547756685
301.6032246793838	0.7563570371720699	4.555038744349946	1.3108479827912236	1.223148637113745	4.963002692973506	0.004570324821845355	0.008609460064628462	1327920446.6976695	1.3143246423279855	1.3394213247503637	1.3394213247503637	1.3143246423279855	327.25130139466154	365.082022909974	False	False	True	False	4.325175165859432
282.45889726967516	-0.9601361590319922	0.9639341543416071	0.9984464875810543	2.4035629518503683	1.884333774395048	-0.0003410619732527261	0.01016958360469466	1354999687.33449	1.332916734538373	1.3075699310213547	1.332916734538373	1.3075699310213547	337.6261047898913	376.63409730167	True	False	True	True	6.314349706821888
339.45292378314144	0.13645714917081195	4.367545053594864	1.1841787056413646	1.6538404322907305	4.720973370954417	-0.014757697397782012	0.014633180714654337	1339376931.8266332	1.38684780972889	1.343432134086719	1.38684780972889	1.343432134086719	265.54611697984956	320.78299261471784	False	False	False	True	0.940478149477249
363.63239960706125	-0.06053747775012815	5.103393261185915	1.4001657505219944	0.9632158520726283	0.4593291436644341	0.012130959829222103	-0.02327477233407476	1327164772.9850354	1.3955201798005274	1.3960099824953682	1.3960099824953682	1.3955201798005274	254.39009333460086	254.979609780537	True	False	False	True	3.0687676181347254
449.0834105472058	0.9179198787455747	6.103914996160062	2.8216052277653625	0.8152611468771856	1.9033264823414995	0.01731799848286328	-0.00464974722204773	1341903105.9525611	1.242174483216123	1.329239767053176	1.329239767053176	1.242174483216123	342.8244558109068	515.9008349460868	False	True	False	True	5.6253834552456565
318.1954458616557	0.7691328387228278	5.557361794512301	1.891208870211511	0.22123247086263173	0.45840796195874667	-0.02416650593342983	0.02395806449502169	1348911684.440477	1.186490647775979	1.588223307759994	1.588223307759994	1.186490647775979	106.45508616109818	673.8402627550167	False	True	False	True	1.8508407960404505
142.80268922147047	-1.3359638560920166	4.285088673379703	1.9214235127040704	1.3847047799476044	1.3431502810903548	-0.0003145891469129083	-0.023711301011740057	1348692162.9171872	1.416607371897316	1.2887127979727893	1.416607371897316	1.2887127979727893	231.8425871382383	411.9192331976107	False	True	False	True	7.007641414091957
480.14874146477155	-0.5512780751891763	0.46887601385307714	2.092047150920416	2.505219354662437	1.038337731038698	0.003399781060852303	0.01472922685793015	1333740657.0071368	1.2407505147983233	1.296784660835505	1.296784660835505	1.2407505147983233	395.3295333706265	518.9556864892625	True	False	True	True	0.23787142300917413
391.12830726681534	0.5636694917604256	0.5967869554439929	2.3607977346692546	1.0775527535531282	2.877060881112429	-0.00963844368859242	0.003409978599784605	1349493274.021904	1.3088060313804055	1.4380235015346876	1.4380235015346876	1.3088060313804055	208.95090222656478	374.5887312746126	False	False	True	False	4.364743591098601
374.3107148694801	-0.648827015215985	3.7445198134119897	2.452819557061124	1.016974713808424	0.3929942251892472	0.0008175943135939157	-0.014902511242085923	1349770294.0108154	1.3859102176643743	1.3386347059938661	1.3859102176643743	1.3386347059938661	266.5588789515922	328.54028635636905	False	True	True	False	6.470031032920249
474.210823277304	0.16455783615642097	4.294187536198339	1.9212646006227656	0.435441300636233	3.187438675762802	-0.009820590485130485	-0.009300935811978533	1356401364.2615318	1.3532381304402807	1.3700486388028195	1.3700486388028195	1.3532381304402807	284.9314670460828	306.7376548770484	True	True	False	False	4.880264643528677
176.15890186996288	-0.9474152359318072	2.5345353432778346	2.30881383040262	2.4633444631237422	2.834793715872506	-0.02974240933830447	-0.0028354689749737765	1336623758.1030335	1.4079322726410983	1.3202178741896125	1.4079322726410983	1.3202178741896125	242.96813091107413	355.2589589748935	False	False	False	False	0.0
437.8057727795546	-1.4822522458235874	5.964236698701969	2.5090945569341168	2.9135012899419355	6.039249424466048	0.0015476718772887213	-0.0072279066052502484	1351251467.852909	1.3918722816546998	1.3657237384169114	1.3918722816546998	1.3657237384169114	259.53530837459215	290.8449978276117	True	False	False	False	4.931082764060298
425.9652520592283	-0.9378766191843044	3.7019928646143487	1.1197212499079294	2.6015287498576396	4.91665132299032	0.00416016007441718	-0.024271582136002817	1352650541.0323281	1.286843837360921	1.3356424574663104	1.3356424574663104	1.286843837360921	333.39654087224574	415.6504173090772	True	True	False	False	4.535780908555122
346.88954837492605	0.18556162146300878	0.6087407046802984	2.9053778852030727	3.0246430016737933	0.8024207672906093	-0.006514046636603058	0.010797909823367745	1352506626.1619499	1.2613171436005715	1.3704108725155841	1.3704108725155841	1.2613171436005715	284.4330026109001	471.1768022483576	False	True	False	True	5.928650335614728
494.70273851190746	0.31552480941014666	2.076783411860991	1.1759836119448712	1.6357927700028567	6.157022524144982	0.01780358356830224	0.012079568781147252	1339266738.3169787	1.3507997257263118	1.368781701422967	1.368781701422967	1.3507997257263118	286.6789975269949	310.00698317443437	False	True	False	False	2.88699613254837
269.08517617009744	-0.14389860709791633	6.125905473831211	0.14074355257555757	1.841220239677163	3.902982858474234	-0.016108810315017125	-0.0418231343539275	1353389651.5030684	1.2562976955909093	1.3265800438024644	1.3265800438024644	1.2562976955909093	346.356492591521	482.36140012903275	True	True	True	True	11.757033217905766
360.1580996385338	-0.172402087782314	0.23017632353754286	1.6243369346239116	2.5315152345093206	5.182308968671187	-0.022022640347041985	-0.0211288034684422	1354375457.5395947	1.306583809296145	1.3468813421487806	1.3468813421487806	1.306583809296145	315.553751275778	378.2506761979924	True	True	True	False	2.1311575680757397
262.92017946172047	-0.01469446885540626	3.0155680639601385	2.382117096203886	0.09640690170197014	4.734044902989248	0.0138486746642911	0.007014060471420005	1333847001.1638975	1.4070266645444858	1.3193411802174684	1.4070266645444858	1.3193411802174684	243.83426423960182	356.635244746945	True	True	True	False	8.822770717405232
440.5147113019902	-0.621416541735382	6.1939195949224155	0.7169087127010105	0.639613387070656	4.442975506771119	-0.011918863376405327	0.011693849171316056	1354723630.1907644	1.361185623421504	1.3529210429048217	1.361185623421504	1.3529210429048217	296.68895998555445	307.1556291294335	False	False	False	False	0.0
276.1343457516802	-0.7973478750825373	5.459691285149686	2.2390135984416184	2.8569261702724678	3.434301392387493	0.008422144700491366	-0.009737466778521027	1342923215.5260284	1.2843193842591323	1.3038777064246834	1.3038777064246834	1.2843193842591323	382.68416965937615	420.468939802062	False	True	False	False	3.7719846057398914
419.0243901584054	-1.148587992392503	2.022332009914751	1.2863593727371032	1.8170912627741682	0.9089705862695279	0.000129729914554309	0.01641279967864035	1349041571.511872	1.1904276695330502	1.360883457333334	1.360883457333334	1.1904276695330502	297.06788180871115	662.7578960405547	True	False	False	True	2.4224435529814254
460.5462383541106	1.352789108459259	0.41284688867123515	0.25354941435989903	1.5066479279055303	5.489029501333753	0.007267478017491885	-0.023765965419004144	1326607039.3059957	1.1793222376147394	1.3174698079329203	1.3174698079329203	1.1793222376147394	359.6939407576852	696.3759213110962	True	False	True	True	6.354586946347114
267.1868625538913	1.1606790672338636	2.001954351222977	0.8986647710128757	2.643779964773504	3.4210079260080555	-0.025374863756779054	0.020819067947899783	1334606434.2114677	1.2536966561565732	1.3049268057869639	1.3049268057869639	1.2536966561565732	380.95958030139474	488.30406775583566	True	True	True	True	8.237272497382289
397.2699802934992	-1.1876519991291665	5.3097436681815555	2.1575598266006097	2.603276652873481	2.3686169403330335	0.01710421530724335	-0.009922440842896486	1327035228.950267	1.2306541230509311	1.33926115667052	1.33926115667052	1.2306541230509311	327.51372346849894	541.0252756507745	True	True	False	True	6.824045448149516
162.96513250175386	0.831094100432883	4.4634450811666495	0.29687674213935805	1.1680534794172135	1.0242667049172818	-0.026607287040999125	-0.0020898909344492875	1342863749.5713022	1.21576930702472	1.3602588293475757	1.3602588293475757	1.21576930702472	297.8492021647401	585.9717694960272	True	True	False	True	15.907545203588473
216.82656901498663	-0.008731004135254218	2.6213067392166125	0.800966156104154	2.20421941684447	2.813312982131508	0.040751001945829625	-0.00555311791193902	1331977649.8836095	1.1993230945082702	1.3310633356000512	1.3310633356000512	1.1993230945082702	340.31640107628294	635.4092147364163	True	False	True	True	7.014504265219432
482.45727587721774	-0.3062744907554604	2.5325439880473297	2.531123685952848	1.7713907225350505	0.4835116509089505	0.036522363267033064	-0.03562805823109133	1327441087.3699558	1.2895002507924052	1.3367283415807447	1.3367283415807447	1.2895002507924052	331.6498226208167	410.3081206942125	False	True	True	False	5.486249831032193
398.9220314882057	0.10416319729775265	5.165602961892013	1.660223165867452	2.548322283777366	0.14476369605386896	-0.013777346903628064	0.0232092287105022	1335662564.1318953	1.178054971119127	1.3545795539215528	1.3545795539215528	1.178054971119127	304.9916231530506	700.8499565422193	True	False	False	False	4.765790473475805
427.52079183342624	0.1664784335743512	1.1606990503201728	1.7990682928147574	0.7366259094260454	0.6900358909179063	0.016134391138772197	-0.03314543116616409	1327560116.2959304	1.3039993245770634	1.3366783806590181	1.3366783806590181	1.3039993245770634	331.73070718387123	382.48346259678345	True	True	True	True	2.147095794797476
326.534664678971	-1.2782151599346976	3.7881885934087576	2.010387361260497	2.1118208182038427	1.1347952522596174	0.0036872139724724627	0.0041619695325664135	1326087184.266484	1.2270756806167178	1.3465296854091928	1.3465296854091928	1.2270756806167178	316.0711214778812	551.5107635738574	False	True	False	False	4.301870158917392
490.08996858558027	-1.5136493359249783	0.32692612636856055	1.8529085253695874	0.7872739335955073	2.5867117541622777	0.013345781984153385	-0.0016627658035544854	1330728903.3715217	1.322620007392326	1.3442593701743	1.3442593701743	1.322620007392326	319.4964675408141	351.71230442212806	False	False	False	True	0.8911357318597859
413.83888564000927	-0.4473365282564234	5.971704413113291	1.6718157755871177	2.8174353089622346	6.096901366423596	0.0005216978569605102	-0.004249770947066186	1334817932.0655565	1.2942216003683558	1.338645564882484	1.338645564882484	1.2942216003683558	328.5224959350064	400.5015783955046	False	False	True	True	0.8550731558076782
264.14160231900587	1.1099874577778577	2.538122855609928	1.1848342507166756	0.020440978627945153	4.599581153430777	0.001206655806872058	0.0036921495853176915	1348835676.0356045	1.3404970203648032	1.312929066421722	1.3404970203648032	1.312929066421722	325.4923663621122	367.51665402688445	True	True	False	False	10.17483592453457
475.46439596302633	0.6543491736023679	5.179653096791027	1.9381750011966206	0.9122676718940935	2.2476475245686838	-0.004404621356204001	4.876956009572438e-05	1354549048.8629625	1.2668149387908452	1.3413878485535005	1.3413878485535005	1.2668149387908452	324.04484580854404	458.3110689335447	False	False	True	False	1.680694217346142
440.5160597250811	0.4704493674548611	1.3628386585833057	1.8466846793511675	0.5830139113509406	0.7473693411489878	-0.013533646417151447	-0.02358217734960247	1344100423.573702	1.2081458472729096	1.326502692466269	1.326502692466269	1.2081458472729096	346.4585827869566	606.0811725339319	False	True	False	False	1.9933344442002254
205.40059329523052	1.4470457160281052	1.2480398382722375	2.3401532321111302	0.4643922998053789	3.6855224294154105	0.0384934734838918	-0.010289095503093705	1348899125.4631395	1.3769777573501294	1.4802094140857796	1.4802094140857796	1.3769777573501294	172.90170379843974	275.9394738402326	False	False	True	True	7.121124893235909
361.5108933639916	0.19274753726982377	0.704841765103505	1.5038826975966202	3.1334713937622096	2.7300515598956463	7.416509974892462e-05	-0.01738332520100034	1352879144.1788206	1.1636272311600682	1.3757368058917556	1.3757368058917556	1.1636272311600682	277.4211939665974	759.4507369854426	True	False	True	True	1.0610646340244216
288.9204293608277	0.37023832562378317	4.596330066944299	1.0958047891736566	1.7902462552959943	5.944579507354573	-0.014325652239269947	0.00717298325383106	1325569162.5024717	1.2215202969616044	1.3324533011711073	1.3324533011711073	1.2215202969616044	338.3148460564702	569.4504434322853	False	True	True	False	5.319213946088667
