theta_jn psi phase spin1 spin2 geocent_time ms mr ra dec luminosity_distance_Mpc mass_1_source mass_2_source lambda1 lambda2 H1 L1 V1 K1 m1 m2 mchirp eta q chi_eff r1 r2 c1 c2 mb1 mb2 mej_dyn mej_wind
1.7485802305712765 0.2205960640422711 5.826168171390389 0.0007944547784147746 -0.04324448389075864 1348581019.2461152 1.2061945245451038 1.3710892572265148 3.1329728040267515 -0.024073134386540067 308.696193326 1.3710892572265148 1.2061945245451038 301.74684333315014 649.1702464300703 True False False False 1.3710892572265148 1.2061945245451038 1.1190703786205671 0.24897663845615617 1.1367065836612038 0.0 11442.542002257987 11459.643305206862 0.1769348767296498 0.15542342954628416 1.5337878205880837 1.329350427340084 0.002705952359512394 0.024006008191075335
0.5886451498849566 2.9761897006587064 2.828132898310624 0.00191661767249323 -0.0036499343368133386 1349181001.30129 1.364695457838003 1.3529843247378845 0.8565582913274481 -0.47604546498529127 309.15549591 1.364695457838003 1.3529843247378845 310.23446136669446 325.40742927883343 True True True True 1.364695457838003 1.3529843247378845 1.182925652759359 0.249995357613707 1.0086557788482784 0.0 11443.580265272822 11445.427246576051 0.17609379822710972 0.1745544765219029 1.525741131894187 1.5110361514453212 0.0027014159672750352 0.01701163560751898
2.0862497162812597 1.7979995712747756 2.5628274269305567 -0.01890516503232061 -0.00982302990587875 1327064697.6898415 1.394398460889065 1.328342565100558 5.218003429584834 -0.2149088659695867 248.90002328 1.394398460889065 1.328342565100558 271.2389890843183 365.5141224797973 False False True False 1.394398460889065 1.328342565100558 1.1847232823598457 0.24985285330537604 1.0497280577495507 0.0 11438.655153708183 11448.97944062025 0.1800040026790541 0.1713221629867612 1.563255648701623 1.4802064174518268 0.002760114141374557 0.01564354056575681
2.452871414824571 1.243848892633266 2.644085692589814 0.009361019956386175 0.0028785427154763995 1337891842.6659234 1.2905194447471495 1.352628415558415 3.275284874292559 1.1610006978753367 396.278 1.352628415558415 1.2905194447471495 325.89600933083165 431.23532749520984 True False False True 1.352628415558415 1.2905194447471495 1.1501157314910098 0.2498619597437523 1.0481271096410596 0.0 11445.482055860488 11453.091600473303 0.17450772343476065 0.16638418872550564 1.510589875278669 1.4330423980563443 0.0025787969450780687 0.021701117335080383
1.1116590046111758 0.3153616108973585 0.31313731596977523 0.03034590527965066 -0.0012119448448414134 1332656474.632888 1.2100937655017845 1.3390193097411622 2.1811438479768928 0.8199510225578333 265.996431021 1.3390193097411622 1.2100937655017845 347.5348463018814 637.8346815111632 False True False False 1.3390193097411622 1.2100937655017845 1.1078620808598585 0.24936050117004863 1.1065417804098154 0.0 11447.50623934263 11459.401046205257 0.17272141452723042 0.1559291601353953 1.4935487926980826 1.3341086293486097 0.0025246695644298525 0.02411462325645825
1.223772992304098 2.3055626347202907 5.591233352123602 -0.0026138246395066406 0.004755505577062897 1350905437.5758038 1.3449351871426483 1.310615048224089 1.0798044380541791 -0.5411630186987915 330.710284138 1.3449351871426483 1.310615048224089 337.4105396449883 396.3136404629948 False True False True 1.3449351871426483 1.310615048224089 1.1557795326906184 0.24995824302399708 1.0261862848019818 0.0 11446.644454661271 11451.14572407271 0.17349757050338602 0.1690037898996756 1.5009512309813808 1.4580881226157776 0.002576152326051239 0.021303879736967773
0.8553812105895414 0.045767909062079705 5.20574707902077 -0.0012891747569680559 0.0034498496535132392 1334338154.4709642 1.387146119150075 1.7217235646594526 4.981683562483481 1.2366505631330442 298.252670604 1.7217235646594526 1.387146119150075 62.7484049446134 279.5110212126806 False False True True 1.7217235646594526 1.387146119150075 1.3437883673916353 0.2471044684929925 1.2411984151420028 0.0 11316.02682305542 11439.87458971908 0.2246672090956253 0.17904870436324413 1.993751902806206 1.554062693102291 0.005730397427307919 0.00015
0.7421686079414773 2.207404785999594 4.43234738900203 0.005095940248679359 0.003946582211361637 1325229798.3218007 1.172607912984346 1.3310464460186633 2.316970309648875 0.5092657827150711 123.1042831869293 1.3310464460186633 1.172607912984346 361.16194466418966 769.629574438591 True False False True 1.3310464460186633 1.172607912984346 1.087158195138104 0.2489988183310131 1.135116377162323 0.0 11448.61714928513 11461.336952985228 0.1716763268835027 0.15107332055734557 1.483583508230526 1.288414293055224 0.0025304631648189876 0.024782137797565894
1.1613583363935556 0.8669953221763306 3.946010194163138 -0.008886679927890039 0.03791682568870191 1327734408.7838469 1.333475004318222 1.397746196171662 3.4406512604473476 -0.583807189364837 347.649075351 1.397746196171662 1.333475004318222 267.2494575666734 357.1447956388949 False True True True 1.397746196171662 1.333475004318222 1.1884380389930405 0.2498615608366236 1.048198272667511 0.0 11438.0917163067 11448.285320421008 0.18044505271868314 0.1719945437261821 1.567507392266559 1.4866177468115969 0.0027769451742253493 0.014655893118188918
1.515653957572269 2.5420852656213917 2.514214651551502 -0.009256711089320371 0.0019451628366889944 1351643248.6546104 1.2396785095034024 1.625607327761969 1.528742478841753 -0.7938616838193893 223.115912418 1.625607327761969 1.2396785095034024 93.01919149174816 553.929337173232 False True True False 1.625607327761969 1.2396785095034024 1.2335627369043265 0.24546456944390307 1.311313631155197 0.0 11368.323229258634 11457.316104344602 0.21114921451198954 0.1597704330181958 1.86388517336561 1.370288509723308 0.005700003771430303 0.0005154243554949627
0.3798376708321112 2.599152092873134 2.7391772926983915 -0.0072507514181609604 0.009813275551097341 1342551055.5234637 1.391501276920471 1.3603278584957375 4.269381725475025 0.2403966944346233 374.973 1.391501276920471 1.3603278584957375 274.5255527687917 315.7975663655474 True False False False 1.391501276920471 1.3603278584957375 1.197710971628542 0.24996791766735704 1.0229161067532686 0.0 11439.142699488197 11444.278293829582 0.17962234692371393 0.17551951778949243 1.559580368607356 1.5202521810168421 0.002789035968435337 0.012526486280648438
1.6960432681691897 1.4679206545220054 3.4925023464007245 -0.02707950838111024 0.0007053394079899092 1355613073.1923301 1.300277068401884 1.350886597611357 6.0536853836745115 0.09492728668735995 123.00255659473406 1.350886597611357 1.300277068401884 328.33319384254173 418.02558774808824 False False False False 1.350886597611357 1.300277068401884 1.153733677886447 0.24990889724194146 1.0389221116324654 0.0 11445.74903230366 11452.21761003335 0.17427893967609637 0.1676550141947921 1.5084062870649022 1.4452008880251208 0.0025817736781672722 0.021398683304934874
2.4297818039103487 3.0640378608915015 5.019638753184021 0.007536979807637141 0.03688570161582869 1334015342.2780397 1.2800805501787247 1.4379456174346736 4.852828643975665 -0.920636885443821 305.090152718 1.4379456174346736 1.2800805501787247 221.20278429860474 450.52278557896875 True True False True 1.4379456174346736 1.2800805501787247 1.1806933835263576 0.2491566558834787 1.123324323015382 0.0 11430.400095953895 11453.992866198701 0.1857595987731544 0.16502533597594837 1.6187866065602405 1.4200756732991842 0.0029945447744836196 0.015443561978845709
1.0290774792273458 1.9437833429821842 1.924869923335764 0.0009037186226205086 -0.020986378496202707 1330072106.5849502 1.2087467301930686 1.3243177434570643 5.400582305182668 -0.4463857411026276 303.179792682 1.3243177434570643 1.2087467301930686 371.9302367616931 641.7091588490412 False False False False 1.3243177434570643 1.2087467301930686 1.1012026739556018 0.2494795903241807 1.0956122654789195 0.0 11449.504092148127 11459.485710278253 0.17079523737561844 0.1557544343454371 1.4751815167196174 1.332464665565603 0.002456382431078006 0.024168098483332043
0.9166020357444207 2.437764483956611 5.820645152055242 0.017825651910933788 0.019938116272276627 1327086715.2183433 1.3213814288042758 1.3288825034343335 4.055796115784423 0.38726709346774224 306.196 1.3288825034343335 1.3213814288042758 364.65150136670246 376.7082651171597 False True False True 1.3288825034343335 1.3213814288042758 1.1535888349011898 0.2499979973330581 1.0056766914280348 0.0 11448.907711559175 11449.875278582636 0.17139287499471467 0.17041102072935516 1.4808806978381182 1.471516957180926 0.0025527924748105814 0.021812154742416354
0.16170154532278033 0.5852688992130646 5.945366954221935 -0.015150185336497408 0.0064071651335094485 1336809775.805497 1.3232346973182847 1.3010412235673539 3.427533854481549 1.0501549941608097 276.694 1.3232346973182847 1.3010412235673539 373.6753460463216 416.51603474812424 True False False True 1.3232346973182847 1.3010412235673539 1.1422334218009835 0.24998211983240232 1.017058240237829 0.0 11449.64216661487 11452.143741709291 0.17065350058516798 0.16775462480820927 1.4738297350529224 1.446153352999157 0.0025028369208886228 0.02258497708871838
0.8884003171301139 1.6121073123050838 1.6300122669448351 -0.004145313220253049 0.0014871363852744183 1352681323.9934986 1.3705173515655398 1.344040317624779 2.426932684775675 0.06769835462513164 399.945 1.3705173515655398 1.344040317624779 302.5368692945784 338.89001483193914 False False True False 1.3705173515655398 1.344040317624779 1.181512406933142 0.24997621623921434 1.0196995831103874 0.0 11442.635574569123 11446.776706405857 0.17685962776873693 0.1733801285240731 1.5330674938715738 1.499831001541812 0.0027005992731218517 0.017082177372452385
0.7806513332703969 0.19154078805112662 0.7136304976864049 0.0050682574070357546 0.02428725812140846 1343316192.203009 1.2357493035678555 1.338931232585099 6.089654455618902 -0.764470112323002 312.689870151 1.338931232585099 1.2357493035678555 347.68927997996747 563.9964035135498 False False False True 1.338931232585099 1.2357493035678555 1.1196145094630168 0.24959848609079538 1.0834974607870194 0.0 11447.518839745157 11457.61486841823 0.17270986326470972 0.15925988194029334 1.493438639227037 1.3654732345214486 0.0025102983825539458 0.023597365449689194
2.514731878999779 2.6517096684535533 0.6725932978571952 -0.01440907175727542 -0.03130647147868829 1346774760.0448577 1.1894819719374015 1.3347004935213944 4.715574660055185 0.6757359150888209 318.04080943 1.3347004935213944 1.1894819719374015 355.06182319356117 702.8035530369134 True True True False 1.3347004935213944 1.1894819719374015 1.0965308684649293 0.24917254851499554 1.1220855170654367 0.0 11448.115641459315 11460.576890240969 0.17215516159405392 0.15325745873642999 1.4881492612000626 1.308970459024912 0.0025251116817567756 0.024500534549129076
1.7695193063146122 2.649934441456444 5.555211082340513 -0.01508329818667322 -0.023163797663391102 1344974684.3723292 1.3112600510824166 1.3096603883555258 5.758539368936676 -1.0064265551502551 254.744558088 1.3112600510824166 1.3096603883555258 395.0254417205084 398.25076270712776 True True True False 1.3112600510824166 1.3096603883555258 1.140821627466359 0.24999990687008974 1.00122143323652 0.0 11451.073849175395 11451.251066108878 0.16908802431541978 0.1688791329620061 1.4588923557108278 1.4568978381648305 0.0024906753982643645 0.02287597951091555
1.2515244677254722 1.3082220754310252 0.6423405274048621 -0.0016357735886828267 -0.0008761550916514778 1341454787.189312 1.361778932598822 1.3237894262852883 4.318020308930612 0.687144183581804 160.39801510647445 1.361778932598822 1.3237894262852883 313.95338757210027 372.7795344439374 False True True False 1.361778932598822 1.3237894262852883 1.16882117014372 0.24994997410291311 1.0286975447599223 0.0 11444.047498549742 11449.571613871654 0.17571028958269516 0.1707260942852295 1.5220751435946944 1.474522089627129 0.0026441996885051672 0.019464182866136662
2.0353531248966856 2.044352384056447 2.817649752994061 0.00976343953906059 -0.017023694453116286 1345546290.310502 1.255611598231093 1.3131081520952024 5.844510616880782 -1.1340150763276455 59.08017639571552 1.3131081520952024 1.255611598231093 391.4228204962976 513.7806116382329 False True False True 1.3131081520952024 1.255611598231093 1.1177640685479515 0.24987474640790316 1.045791671520963 0.0 11450.864816750342 11456.051744851884 0.1693294294141171 0.16184175793126612 1.4611968560772643 1.389857293931434 0.0024195129247909877 0.023556780752081275
1.16036139104363 1.4569361219743624 2.0560575823820852 0.0017096054558661535 -0.00016519503986851683 1347028210.913438 1.1704647359057283 1.3135519901298394 5.554335811546754 0.050526234647684645 214.839093588 1.3135519901298394 1.1704647359057283 390.57647792743643 778.936888184898 False False True False 1.3135519901298394 1.1704647359057283 1.0790770527619584 0.24917046851050528 1.1222482402371459 0.0 11450.813941074419 11461.42518741598 0.16938741630638007 0.15079604274923794 1.4617503409573767 1.285810021158434 0.0024394278175342067 0.02472423839937702
1.4399551181636694 0.016171740028555766 0.5607846933456776 0.03159887309837843 -0.02507009444344767 1331442457.5692422 1.359540951446534 1.2904696965022884 3.615379732336174 0.4723543379634185 265.461 1.359540951446534 1.2904696965022884 316.8000546657817 431.2825115911648 True False True True 1.359540951446534 1.2904696965022884 1.1530138892242052 0.2498301602021911 1.053524120040523 0.0 11444.40296409799 11453.095908380428 0.17541607432119116 0.16637771219956468 1.5192638709573043 1.4329804831600492 0.002603473731633093 0.021371722101993177
2.0587517453937663 2.1913613122582842 1.6864212805571712 -0.021010822443213218 0.0005157075481911817 1332276315.5192637 1.4159564483086613 1.3589258790155978 0.922384111286994 -0.4885090279497667 196.49087409963386 1.4159564483086613 1.3589258790155978 244.58396827952737 317.5859454204044 False False True True 1.4159564483086613 1.3589258790155978 1.207531544652108 0.24989439942563266 1.0419673877536104 0.0 11434.957998713624 11444.500164751444 0.1828460391079088 0.1753352248380482 1.5907145976979193 1.518491505266873 0.002869332031368909 0.008855916494517458
2.806324258529478 2.4968438944329083 6.178959151237961 -0.04898083874018828 -0.011375734505925012 1331496060.3290231 1.3483836179710906 1.323725968330548 6.0389305495433 0.05681523230496803 162.8366365865646 1.3483836179710906 1.323725968330548 331.9925080572503 372.8817859616619 True False True False 1.3483836179710906 1.323725968330548 1.1630438274228239 0.24997871200138277 1.0186274578201713 0.0 11446.12888057709 11449.579702646868 0.1739502554494389 0.1707177896510172 1.5052698589535376 1.474442886058321 0.0026056733002576414 0.020505981142294277
1.3849833488256273 1.9902913095820434 3.9462321699154366 -0.003404821407648105 -0.0004623585517201914 1340769657.0387454 1.1938315376299127 1.346260695401213 3.8006421461318767 0.4934718030574004 144.32851167487388 1.346260695401213 1.1938315376299127 335.2716913380235 688.3203657157633 True True False False 1.346260695401213 1.1938315376299127 1.103248717245346 0.24909972096737232 1.1276806257555523 0.0 11446.447376402615 11460.351228515241 0.1736715521107166 0.15382090237979237 1.5026108900870312 1.3142729365763721 0.0025818916288382894 0.02442357525385955
1.9613176632251854 1.245535129540256 1.6235301376080324 -0.006414894577726164 0.011752163257674579 1330477331.1942418 1.2543672733428828 1.386779999609408 2.929548017118341 0.5014432865991457 144.77846421885803 1.386779999609408 1.2543672733428828 279.94631921779745 516.336512004794 False True False False 1.386779999609408 1.2543672733428828 1.1478915180408111 0.2493716317596342 1.1055613687318595 0.0 11439.936026126989 11456.153167881517 0.17900048543988686 0.16167993958188612 1.5535992261832323 1.3883263150418443 0.0027290156607294187 0.021808782220127814
2.2702362101276816 1.9364486340625486 0.012604776070765638 -0.018208402009576217 0.0026044507546474855 1329556476.6565852 1.1898824506179098 1.3170913111357656 0.1070032275576275 0.2512789309190337 191.8111365744332 1.3170913111357656 1.1898824506179098 384.07108347340505 701.453401652065 True True False True 1.3170913111357656 1.1898824506179098 1.0895370638334656 0.2493563123802629 1.10690876266962 0.0 11450.399111312752 11460.556650185188 0.16984997809027538 0.15330932871219607 1.4661646232884737 1.3094586487912756 0.002436206456714472 0.02445116437552269
2.549410954725278 0.2792667338002994 5.050610098924004 0.0018066054115881015 0.01896781737263671 1329521112.1456494 1.3579383881604912 1.3594806511714805 5.913895419166651 0.9365886188483961 340.906033704 1.3594806511714805 1.3579383881604912 316.8769986592356 318.8536236598272 False False True False 1.3594806511714805 1.3579383881604912 1.1828251091013835 0.24999991947260197 1.0011357385757969 0.0 11444.412503033624 11444.6557580354 0.17540814781732117 0.1752054319670882 1.5191881449969096 1.5172517175778395 0.0026993409485129793 0.01722942908267308
1.6811146342019945 2.8832038817609438 0.21409686809067704 -0.03336985967375851 0.014819535400737374 1328784457.950312 1.4005056205907864 1.315937905739874 1.1647356326614347 0.2902975776113184 367.376038981 1.4005056205907864 1.315937905739874 263.727593802162 386.14517506499385 False True False False 1.4005056205907864 1.315937905739874 1.1817130068259964 0.24975770311087298 1.0642642137459861 0.0 11437.627643690646 11450.536058525513 0.1808086224194588 0.16969920717563908 1.5710160376107245 1.464725959548392 0.002777414227093826 0.016153605877287147
1.3927016637142593 2.598967819105566 1.1345290039126552 -0.0018776959126407071 -0.022294178330044483 1346093570.5743525 1.2992310741571458 1.45552670337641 2.3258781210852035 -0.3574151564745564 226.330834909 1.45552670337641 1.2992310741571458 204.2949533668874 420.00768946051676 False True True True 1.45552670337641 1.2992310741571458 1.1967605438245774 0.24919523915247685 1.1202985614554042 0.0 11426.195244853276 11452.317277054739 0.18809998968969108 0.16751868798639416 1.6412819615941865 1.4438971455657819 0.0030773556113064117 0.010439049401692622
1.2663143169510491 0.24426851336374616 3.2010339417199147 0.0003994416685306167 -0.03678619764841921 1348372803.3153543 1.2156035595801105 1.6014092534788527 0.8902728513948076 -0.22657703779099203 309.700107682 1.6014092534788527 1.2156035595801105 107.54791408976021 622.0854206755168 True False False True 1.6014092534788527 1.2156035595801105 1.2123243092174447 0.2453107905697907 1.317377890890683 0.0 11378.499393287279 11459.044439699266 0.20782011366518355 0.15664401078592893 1.8316018070284614 1.340835318057011 0.0055369840081415525 0.002572208515403567
2.3447877049255275 0.27480921827480637 0.27109545002069574 -0.02059489444552088 0.005223664417032383 1334627480.3612685 1.270576076565018 1.343160197429701 0.2519851024505819 -0.096465370628006 203.07874546044238 1.343160197429701 1.270576076565018 340.3688758711911 485.62524746530846 False False False True 1.343160197429701 1.270576076565018 1.1371682863182786 0.2498072032447577 1.0571269380900927 0.0 11446.906137476206 11454.804643053529 0.17326463458214372 0.16378843075380162 1.4987294128408486 1.4083107876649132 0.0025321924673312114 0.022691009269942143
1.9029883791010882 1.185798953574751 3.0442839316906807 0.009967800515933201 0.0014054393038823146 1335897313.2621717 1.3402097205710677 1.3177977439622688 2.4343265801655316 -1.2681606850886726 227.319963883 1.3402097205710677 1.3177977439622688 345.4517091148687 382.82150570594183 False False False False 1.3402097205710677 1.3177977439622688 1.1569155933838395 0.24998222588698613 1.0170071444662 0.0 11447.335256550763 11450.314408622537 0.17287754893007792 0.16994233565602873 1.4950377323734663 1.4670458331799303 0.0025741171900575833 0.021294574113111114
0.302394887989022 3.1404549519432825 1.5130534407127691 0.03917887618297941 0.002473319438755243 1336960067.8953905 1.1770046411733768 1.341913130937342 3.945582081632778 -0.29976773413263963 388.346675213 1.341913130937342 1.1770046411733768 342.49769894589303 750.2458056702358 True False False True 1.341913130937342 1.1770046411733768 1.0936006222148318 0.24892848549013785 1.1401086146946413 0.0 11447.088422112884 11461.15202061822 0.1731010092961539 0.1516422212548618 1.4971688356915096 1.2937632765226736 0.0025853909678493505 0.024744176947253466
1.012907958210327 0.9426888185317608 0.09509666355949993 -0.008735785070018222 0.0013270930901799118 1355343201.4205265 1.2637170094948968 1.4692123488248245 3.7037984741203447 0.34964673806830415 33.04279345633851 1.4692123488248245 1.2637170094948968 192.74773591478876 501.0987040746379 False True False False 1.4692123488248245 1.2637170094948968 1.185536581757754 0.24858652819635793 1.1626118330179502 0.0 11422.66615942924 11455.381964874257 0.18992726781295763 0.16289602672921302 1.6588445036382393 1.3998425698268955 0.0032601015168716645 0.013243078503789326
1.3440158233626376 1.8866087546644223 2.519753538400368 -0.0054689829619209065 0.0026931757557965568 1347318340.2519057 1.294933268734814 1.4761233745013485 0.16932660804073388 -0.018155962076796213 301.995 1.4761233745013485 1.294933268734814 186.63737059991848 426.71580338490617 False True True False 1.4761233745013485 1.294933268734814 1.203075678016263 0.24893114656055496 1.1399223497775774 0.0 11420.82011314911 11452.708877996898 0.1908515103923548 0.16695883374230183 1.6677352447459444 1.438540365971109 0.003228199914710946 0.007889186351331285
0.8524644436803007 2.736121825230226 5.400169481554862 0.017446232402660574 0.014857268850075243 1332939132.153201 1.3580754325546964 1.3414265303412114 4.88913871808025 -0.6428729709766795 367.486733091 1.3580754325546964 1.3414265303412114 318.6771842700191 343.33702814265234 True True True True 1.3580754325546964 1.3414265303412114 1.1749996604606434 0.24999049080138383 1.0124113410886917 0.0 11444.634199152819 11447.159190032617 0.17522344393817935 0.17303717017053843 1.5174237586276351 1.4965599962085463 0.002662233498896649 0.018639106320899008
0.7668962537604177 2.499710759086931 1.7045473093385797 -0.010156946669670772 0.011548617538793464 1337561326.3147218 1.3543466620874123 1.3709359395879872 5.1149971514583195 -0.48329156589408867 312.519229031 1.3709359395879872 1.3543466620874123 301.95939033119515 323.5630281469487 False True True True 1.3709359395879872 1.3543466620874123 1.1862217788727507 0.24999073656912182 1.0122489152629552 0.0 11442.567099786977 11445.216663979467 0.17691470352082436 0.1747334525664332 1.5335947025217829 1.512744709991433 0.002720167594238042 0.01610511215847168
0.44091560437147964 2.320295236189268 1.7977811834010393 0.022520200556427363 -0.013205416542089806 1353094919.5802102 1.1988643959061425 1.3073583433715927 2.666394767031442 -0.3001011230478849 133.22449072443942 1.3073583433715927 1.1988643959061425 403.0763589727543 671.8930750658556 False False True True 1.3073583433715927 1.1988643959061425 1.0896697382617346 0.24953149773116204 1.0904972637738957 0.0 11451.499906175672 11460.07453668484 0.1685786237502279 0.15447309758360944 1.4540278349914475 1.3204095153605755 0.0023868268699188656 0.024300434345895103
0.398476748414505 1.953633405236962 2.7545513067410843 -0.0031812500624937945 0.030137107806333167 1338131578.4811177 1.3944575315873613 1.3140469956642298 2.6812024080224552 0.2958602910032747 353.183 1.3944575315873613 1.3140469956642298 271.1709339296841 389.64089919135307 False True False False 1.3944575315873613 1.3140469956642298 1.1783214966786448 0.24977965317848022 1.0611930442278323 0.0 11438.645210994306 11450.756895494285 0.18001178463226206 0.16945209328693295 1.5633306245386172 1.4623676524856146 0.002751511697100296 0.01704096557519051
1.8372467819189287 3.0601693154952168 5.535880573635301 -0.010496871910963067 0.012350643322803332 1342272972.772781 1.401965855298194 1.3395433230143887 4.630568433655457 0.402059208176814 123.00255659473406 1.401965855298194 1.3395433230143887 261.80913669051563 346.6167160308494 False True False True 1.401965855298194 1.3395433230143887 1.1929399409336041 0.2498703885510978 1.0465998607221862 0.0 11437.38231838031 11447.431129306766 0.1810010244949198 0.17279014123407913 1.5728742739989185 1.4942041811436495 0.0027980817894570913 0.01337283679549667
2.942391147520802 0.41058993675819866 0.8527857148000814 0.0023026856120942924 -0.03600412220473871 1354493850.2967024 1.4171334045242676 1.333240976938751 4.12581896972053 -0.5119574294874967 368.613114788 1.4171334045242676 1.333240976938751 243.3068957567232 357.5380543687034 False True True True 1.4171334045242676 1.333240976938751 1.1965015629618094 0.24976740418097854 1.062923679242249 0.0 11434.737451020412 11448.317555117483 0.18300155201967402 0.1719638741641435 1.5922161784847568 1.486325309167507 0.0028548977158943984 0.01187077936633921
1.9878869702080073 0.37677325594355293 0.18207932982087102 -0.009535391546029573 0.005408095591070743 1349916012.875597 1.164406270147724 1.3401213486384869 2.29710668264577 0.9483290922779688 141.4168841687865 1.3401213486384869 1.164406270147724 345.6059832012241 802.5739258126238 False True True False 1.3401213486384869 1.164406270147724 1.0869361464468763 0.24876942972624969 1.150905300834966 0.0 11447.347993011614 11461.668328055015 0.17286595724451123 0.15001232202368336 1.4949271886673636 1.2784585753990494 0.002600261820536508 0.0249667055949751
2.647624439547212 2.3872957678072155 1.5585237951779738 -0.01802268402502094 0.0007777406481940829 1331985623.375886 1.3957530675284855 1.6000252641107504 3.885678873592536 0.4880998258102854 275.423 1.6000252641107504 1.3957530675284855 108.19570852907391 269.6605207828496 False True False True 1.6000252641107504 1.3957530675284855 1.300347190379148 0.24883764396129568 1.1463526760818643 0.0 11379.07740263 11438.427146356977 0.20762996157495686 0.18018246151101172 1.8297647581060548 1.5649754045981457 0.003997869024009822 0.00015
1.5167731098958919 0.5042397830296168 0.4426493668641669 -0.029793793627442482 -0.01162501004886396 1335451726.900199 1.3354391662952645 1.309569959430613 2.578327431015569 -0.19496252769280217 318.75298113 1.3354391662952645 1.309569959430613 353.78991614865583 398.4361762881051 False False False True 1.3354391662952645 1.309569959430613 1.1512410132905844 0.24997608601863197 1.0197539708958345 0.0 11448.012659871752 11451.260979769566 0.17225198814158274 0.168867326067773 1.4890725241719391 1.4567850929654427 0.0025482220312957747 0.0218400612032076
1.5849312723406692 0.35345213215732074 4.4182654272987145 0.02290318231574235 -5.253510630257469e-05 1325944728.6838937 1.2775792662359213 1.3275088941458901 2.512527267396028 -1.082223400401979 41.868930852041224 1.3275088941458901 1.2775792662359213 366.84251781988587 459.48187708854783 True True False True 1.3275088941458901 1.2775792662359213 1.133680539484952 0.24990816424143775 1.0390814325416178 0.0 11449.08957557012 11454.20756334631 0.1712129937838993 0.16469978844209 1.4791654070815736 1.4169758858965826 0.002484502466257128 0.022935480766654078
2.0237839288433728 2.95464840066387 1.5108501806784693 -0.04803806329099258 0.0013410642559756672 1348454219.0993192 1.3348562298865836 1.365713614402821 6.278141305641323 0.015610050296912084 369.828 1.365713614402821 1.3348562298865836 308.9227907875244 354.79456381107894 False True False True 1.365713614402821 1.3348562298865836 1.175399214474194 0.24996736020626117 1.0231166352041217 0.0 11443.416156993695 11448.093973434266 0.17622770351633574 0.1721755749906164 1.5270215721533484 1.4883439069006326 0.0026720220007044365 0.018342999809140375
2.4019878897303024 0.5848792003282888 0.27122444855827227 0.013457728400741598 -0.016415062623380123 1337633904.1354237 1.3909861058327124 1.347831134812498 0.03411567163605284 -0.5441593126921528 200.475096996 1.3909861058327124 1.347831134812498 275.10553631710854 332.8290914317037 False True True False 1.3909861058327124 1.347831134812498 1.1919618488850534 0.24993793088385033 1.03201808439172 0.0 11439.229355906711 11446.212099857687 0.1795544857117203 0.17387771734811278 1.558927241268382 1.5045777661224564 0.0027688718484312055 0.014022464738397487
1.194221025575324 0.6327582654907453 2.0459117221234315 1.6102353200448695e-06 0.006469452517579513 1336791856.3134847 1.1933469629987496 1.3256930890181702 2.6520284631349735 0.018943209491585306 204.25901399149473 1.3256930890181702 1.1933469629987496 369.7321285176462 689.9215527201969 False True True True 1.3256930890181702 1.1933469629987496 1.094658919502031 0.2493099312988661 1.1109033081936617 0.0 11449.326831516766 11460.37699818995 0.17097526062288546 0.15375812094081986 1.4768983493948744 1.3136821639679572 0.0024746140373337147 0.024418470078428362
1.5655128816763697 2.065136890913143 3.4652019866906056 0.007637779446871067 0.01261084745651046 1353444711.7383587 1.4143890286066139 1.320596513239265 4.241741312630333 -0.46708796402515834 222.252669616 1.4143890286066139 1.320596513239265 246.31005079328554 378.0165327132394 True True False False 1.4143890286066139 1.320596513239265 1.189631370873731 0.24970598715453046 1.0710228403808875 0.0 11435.247207911545 11449.972786967519 0.18263901498966692 0.1703083442846463 1.5887149348557887 1.470537548993397 0.002839230474881177 0.013815778553492477
0.20101189486426502 1.4916497373161877 1.9476482994864772 -0.003520727314411119 -0.001770888545203482 1339251624.2180285 1.3555953273978754 1.3780900265467841 2.6056701081431624 0.6347350591799906 189.8704791783769 1.3780900265467841 1.3555953273978754 291.6369184293858 321.90401175087413 False True True True 1.3780900265467841 1.3555953273978754 1.189857319443159 0.24998307209024842 1.0165939633268641 0.0 11441.387286977186 11445.022584211416 0.1778562528328159 0.17489751713728618 1.5426151584176806 1.5143111580341282 0.002741908240655573 0.015019924316344744
2.1477662505167134 1.5242785209460061 4.828548568767611 0.002984195257413976 -0.01150663552412559 1352438806.3509376 1.3504773299681587 1.373982238516072 2.8537005934733286 0.7228387562218888 275.423 1.373982238516072 1.3504773299681587 297.6338505555403 328.91798647442374 False False True True 1.373982238516072 1.3504773299681587 1.1858369447292367 0.24998139214103637 1.0174048893871233 0.0 11442.06680118369 11445.81145313442 0.177315570916594 0.17422518957742608 1.537433395155782 1.5078933336954228 0.0027213695279152865 0.016073932784461037
2.157406461259835 1.4590099304374826 2.198913740364945 0.02598856567299668 0.02368798619940875 1328283797.915912 1.3551775799551913 1.313541365334167 5.822389295826399 -0.4328474123357961 218.8784374966028 1.3551775799551913 1.313541365334167 322.4560348252509 390.59665501682446 True True False False 1.3551775799551913 1.313541365334167 1.1614577318881893 0.2499391477265334 1.0316976805754663 0.0 11445.087626262517 11450.815161983857 0.17484262616074087 0.16938602813915946 1.5137870462256668 1.4617370912035321 0.0026105644110958 0.020541264112728542
1.965208245454133 2.4354274465743506 5.796822077121539 -0.03691471152779124 -0.008195066853774245 1339697989.3674078 1.2306427194462646 1.3231926786878385 4.369868114680803 0.23295258592218718 219.484442076 1.3231926786878385 1.2306427194462646 373.7433910842906 577.6528353917523 True False False False 1.3231926786878385 1.2306427194462646 1.110745251064736 0.24967167294766543 1.07520457219559 0.0 11449.647496263939 11457.994188624438 0.17064800213763467 0.1585965092366384 1.4737772933977247 1.3592204298637864 0.0024456850797613637 0.023822111444428272
2.1898453804149334 1.191125716718718 3.277867622576999 0.03580876248159706 -0.009440225164971774 1338420550.3416402 1.341286563698991 1.3372203107787233 4.447686219921556 -0.09886384386666093 340.251529983 1.341286563698991 1.3372203107787233 343.579209060149 350.6889192197506 True True False True 1.341286563698991 1.3372203107787233 1.1658862220122135 0.24999942383980056 1.003040824976626 0.0 11447.179508093875 11447.762202938124 0.17301880809005055 0.17248550314998617 1.4963848779694315 1.4912991861331006 0.002613170833233461 0.020379656236064206
2.1287703089190932 2.977953791687642 4.27764280452748 -0.007539917268966443 -0.006925947857326993 1348662747.3565884 1.3660335872574076 1.391209424114565 2.1594004663423774 -0.581329258159318 272.957644244 1.391209424114565 1.3660335872574076 274.85407680799693 308.5083571031709 True True True True 1.391209424114565 1.3660335872574076 1.2000996918584022 0.24997915711891755 1.0184298812942827 0.0 11439.191793724187 11443.364481480188 0.17958390228555582 0.17626978786957856 1.5592103465597338 1.5274240426617505 0.0027978731851354965 0.011906170372346236
2.174377956498773 2.607559374889715 0.6411362451707455 0.011926898000186889 0.010336654757654336 1326544554.9195914 1.4086361286628493 1.3602272253550922 3.949610284093088 0.9724248535143575 358.096 1.4086361286628493 1.3602272253550922 253.08588910752172 315.9256254769126 True False True False 1.4086361286628493 1.3602272253550922 1.2049967261361083 0.24992358344594473 1.035588835751409 0.0 11436.26317409731 11444.294256651561 0.18187998809740302 0.17550628855919603 1.5813760183936219 1.5201257810916868 0.0028445889227950885 0.009847104099466234
0.8100891057205485 1.1245550654403877 1.7096718753995765 0.03921401536632118 0.005379471895253657 1342679082.4708362 1.174344938381389 1.3626782995004847 1.5441443462654874 0.8088682690741318 239.388998954 1.3626782995004847 1.174344938381389 312.8102410264696 761.9531903590281 False False True True 1.3626782995004847 1.174344938381389 1.1006481882528012 0.24862232863171937 1.1603731194845335 0.0 11443.903884655916 11461.264535021555 0.1758285413749948 0.15129806675772678 1.5232053334411682 1.290526499953928 0.0027228070544130564 0.0248277072195305
1.1388937168702864 0.9613340576809811 3.5459436214743767 -0.019672049374282206 0.01311808536643811 1356398592.1162736 1.3722592199465773 1.4129739997083477 0.10675163252824654 0.41074651920263133 366.928483743 1.4129739997083477 1.3722592199465773 247.9025738362383 300.10571696116966 True True False False 1.4129739997083477 1.3722592199465773 1.2121877292575203 0.24994657788772956 1.0296698897482033 0.0 11435.503808999167 11442.350190054261 0.1824521992149217 0.17708882539515264 1.5869097480882028 1.535261776649023 0.002875812436752641 0.00772888897359816
0.39513507821737526 1.65102667360687 4.096857504443719 0.011138738296248526 -0.03023142345901206 1353404119.072274 1.173690706105785 1.0911623770442207 4.1519799891313545 0.9341831188068349 389.261553197 1.173690706105785 1.0911623770442207 764.8499890271798 1115.1730459146218 True True True False 1.173690706105785 1.0911623770442207 0.9850489722784547 0.24966805506821355 1.0756334078206766 0.0 11461.291907355195 11464.241108485512 0.1512134168628335 0.14054464632750718 1.2897308035582824 1.1904682322095683 0.0019193414163069748 0.0244890730379961
2.5334299081655525 0.8679109888197364 2.258627520527376 -0.0071471088424928065 -0.010333121044397292 1328992019.5271387 1.268994692997103 1.3743564071267218 2.765491653077535 0.9971072997960613 205.728982422 1.3743564071267218 1.268994692997103 297.0908142405279 490.2868453943003 True True True True 1.3743564071267218 1.268994692997103 1.1494882493271352 0.2496028121449141 1.083027702724884 0.0 11442.00512527071 11454.938480885177 0.1773648142827024 0.16358266520556833 1.5379051257334466 1.406356833070814 0.0026597458936939156 0.021646601819828106
2.4310959833959993 0.7634570756633073 1.329694388972703 0.0002765730733696261 -0.04189817407883611 1344477094.2736797 1.2628398999477215 1.6430274046808935 3.011036510300181 -0.17678345745670954 370.101044725 1.6430274046808935 1.2628398999477215 89.94264876046175 502.44389779698497 True False True True 1.6430274046808935 1.2628398999477215 1.2518165983446667 0.2457205877052749 1.3010575645803644 0.0 11360.223283101439 11455.455147873869 0.21356406312324613 0.16278192535637845 1.8872179085653251 1.3987609381759438 0.005729306970954376 0.00015
2.206104475627793 0.6894456967299709 5.861077696248589 -0.02052554322947587 0.013187425178374332 1354703460.2157438 1.323770422631192 1.5276120618059739 0.3107999952410808 0.3648391238874245 346.347310088 1.5276120618059739 1.323770422631192 148.40447882853425 372.8101498076503 True True False False 1.5276120618059739 1.323770422631192 1.2373266179956552 0.24872234129064721 1.1539856425932347 0.0 11406.369853300122 11449.574036689071 0.1977588210427966 0.17072360730100106 1.734594664613529 1.4744983706041823 0.003563892026426189 0.0008301690225469667
1.7988607618142078 1.7396978597050006 4.881644140718746 0.011182313238982486 0.01703144614844627 1346656630.1950622 1.3479803972183924 1.3196556979255534 0.4089777676320753 -0.46944469956741885 396.278 1.3479803972183924 1.3196556979255534 332.60195996891423 379.6066903580555 True True False False 1.3479803972183924 1.3196556979255534 1.1610775057429523 0.2499718150379602 1.0214637040080714 0.0 11446.18963954335 11450.08868901804 0.17389731425892072 0.17018529104069594 1.5047647389746448 1.4693637032000177 0.002598089522792984 0.020727609865682325
2.157674539182052 0.026125563530794055 4.466375759293312 -0.006345369010965005 -0.012853380266338357 1328576451.4726086 1.204202145196513 1.729744674653626 0.0684731586399695 0.2563756375222369 331.863424934 1.729744674653626 1.204202145196513 60.533046740687375 655.1566981102329 False True True True 1.729744674653626 1.204202145196513 1.2523288677372535 0.24197857979877613 1.4364238442469723 0.0 11311.015366966385 11459.763710530453 0.22581388615952414 0.15516507246658612 2.004757463138877 1.3269197604735337 0.010720862920170344 0.00015
1.234678345509997 1.1487255601258817 1.3415689249795426 -0.03433016021986334 -0.009205826481569382 1341420865.0387118 1.1874286631133424 1.1423716477971237 0.9324726961398805 0.6665450112478187 388.942046538 1.1874286631133424 1.1423716477971237 709.8222529117938 891.0674481728117 True False False True 1.1874286631133424 1.1423716477971237 1.013876896142684 0.2499064965898655 1.0394416435343994 0.0 11460.678916572875 11462.488885605644 0.15299154049659922 0.1471630307701912 1.3064675041771587 1.2518384266888434 0.0019770752929937196 0.024322696531944205
1.9376187857004772 2.7943304620437934 1.9564442684817749 0.01231770967665768 0.0006042361335077057 1344313628.8386896 1.3584587199306135 1.3410208864154953 0.3458697104168941 -0.020557052467207744 125.99811525703828 1.3584587199306135 1.3410208864154953 318.1846297231866 344.03974517111607 True False False True 1.3584587199306135 1.3410208864154953 1.1749873272280236 0.24998956806287315 1.0130034018796896 0.0 11444.573843869553 11447.218028120375 0.17527382129721938 0.17298395504338474 1.5179049544277203 1.4960524892680314 0.0026624785479173285 0.01862899917695885
1.729856832251399 2.7396870693841393 3.120997217483339 0.0037620069969938616 0.0047062226599930805 1333437011.041185 1.1793545151114828 1.352641630273332 3.5545346457295066 0.5077705785374154 219.44953088948438 1.352641630273332 1.1793545151114828 325.8778152132027 740.2261595843255 True False False False 1.352641630273332 1.1793545151114828 1.0990151168626228 0.24882902810418972 1.1469338633476707 0.0 11445.480022361715 11461.050911080285 0.17450945932005585 0.15194631337085637 1.5106064446629 1.296625677590364 0.0026457484106044136 0.024718273281124463
1.0237186706783672 1.725680371615927 5.587171760470702 0.0001889132763380393 0.0036502966932277954 1326518893.3104486 1.3992050198302861 1.3469947075465325 3.549404832169803 -0.5448054956374698 199.1301506156105 1.3992050198302861 1.3469947075465325 265.4092056871019 334.117715170259 True True False False 1.3992050198302861 1.3469947075465325 1.1950936048101346 0.24990963747644246 1.0387605919987997 0.0 11437.846311389476 11446.337646943113 0.18063725828062807 0.1737679076131242 1.5693618398150428 1.503530119903545 0.002795712130824486 0.012910875112992931
1.2588143103692584 2.4119177405341974 2.671288029566414 -0.03812002846166466 -0.004661809836955615 1334773214.0202072 1.2343282114579581 1.4732872682681262 0.17769851613023765 -1.1072693599818175 25.372065344358923 1.4732872682681262 1.2343282114579581 189.23569448836713 567.6958727196434 True False True False 1.4732872682681262 1.2343282114579581 1.1730417162027242 0.24805278896173297 1.1935944221253076 0.0 11421.58207102781 11457.721476593993 0.19047211581060247 0.15907525547386667 1.6640847505758334 1.363732577830962 0.0034103052230141182 0.01651857629371921
1.0220074911686725 1.4838728439112552 1.1979810644069944 0.0017492201692965493 -0.02312999324281653 1338905820.625573 1.3631383023232997 1.339348252887263 1.1990862837923895 -0.2344146870216385 153.85568716391444 1.3631383023232997 1.339348252887263 312.2247213994164 346.95834198145104 True True False False 1.3631383023232997 1.339348252887263 1.176270901279578 0.24998062669955565 1.0177624074879346 0.0 11443.83026646312 11447.459118679444 0.17588902775585033 0.172764556366462 1.5237834948582503 1.4939601985185464 0.002672047091925879 0.018273189610135486
2.293855622754198 2.558237291610855 1.9389903065972927 -0.00481927566257316 0.022036085630818054 1344831307.3607898 1.2582199554087008 1.336513187319085 1.0042371094167983 -0.6065793378736479 271.842519203 1.336513187319085 1.2582199554087008 351.92445277488457 509.1908262658833 True False True False 1.336513187319085 1.2582199554087008 1.1288061072318498 0.2497723838609987 1.0622253935600254 0.0 11447.861994015322 11455.837871792985 0.17239278987857146 0.16218098926579347 1.4904151178820473 1.3930681692900206 0.0025022030906924906 0.023148027569897863
1.608818110742915 0.38636652830904866 3.646203794389687 -0.005919888027944396 -0.021690179454733432 1350911946.11465 1.3586768640177802 1.3318450635471009 1.0972091231544543 0.42695209329361644 285.680744015 1.3586768640177802 1.3318450635471009 317.90485677448646 359.8553033665435 True False False True 1.3586768640177802 1.3318450635471009 1.1710478043150347 0.24997513625354953 1.0201463377423334 0.0 11444.539454628602 11448.508688295347 0.1753024938847955 0.17178095875075447 1.518178841488156 1.4845811900846422 0.0026471933786677226 0.019222804252968455
1.675831638685716 0.8124138478971908 1.2743538600245266 -0.01933784999266348 0.013144215453383217 1338007964.2870984 1.385093836036202 1.361620630064993 3.547643504066274 -0.05230437608961647 206.156093041 1.385093836036202 1.361620630064993 282.0074094539556 314.15449053729157 False False True True 1.385093836036202 1.361620630064993 1.195524522295522 0.24998174180680074 1.0172391673957588 0.0 11440.218730830136 11444.072732386587 0.17877842363069466 0.17568947642123725 1.5514654732836222 1.521876238850483 0.0027724329826170893 0.013356955225488869
0.19681220598378724 2.5824897141944367 4.259281092444515 -0.002131765460644486 -0.00015607865941359483 1349217091.3271134 1.2845904561114057 1.3627582860023406 0.6974398697355337 0.8139319404730654 318.506078715 1.3627582860023406 1.2845904561114057 312.708482924918 438.788190530984 True False True False 1.3627582860023406 1.2845904561114057 1.1517225822865191 0.2497820415015174 1.0608503897246422 0.0 11443.89109159429 11453.60432638646 0.17583905872941705 0.1656123615834543 1.5233058608512757 1.425671591431693 0.002612525329149345 0.021472763526797042
1.2313436593366287 2.414674768182195 0.7269564149450403 0.017646268978594976 0.006913420407088257 1352408075.5275776 1.170586813819013 1.3126463022294073 4.756897319771498 0.4144564783271331 260.505880474 1.3126463022294073 1.170586813819013 392.3111372990404 778.4150497712785 False True False True 1.3126463022294073 1.170586813819013 1.0787661487756857 0.24918182629312488 1.121357499275879 0.0 11450.917481198396 11461.420193877166 0.16926909392322625 0.1508118362817174 1.4606209259528309 1.2859583104922172 0.0024346445335859277 0.024717111203258497
0.3638831537535956 0.5450061740501467 4.583530635115775 -0.018848698631276334 0.026199810679403104 1343653711.109029 1.2453989051264953 1.3469470316983363 3.7316012072264764 0.7939364886311298 328.095 1.3469470316983363 1.2453989051264953 334.1919974451259 538.9694632863096 False False True False 1.3469470316983363 1.2453989051264953 1.1273449069421468 0.24961638292589594 1.0815386348533258 0.0 11446.344786849715 11456.871307180812 0.17376164884316442 0.16051391217103692 1.5034704098044167 1.3773059208422138 0.002542913631765864 0.023267015217549734
1.2808400109278044 1.9674927611642188 2.565958644448212 0.016348636562444285 0.010591804744917709 1327982874.8928337 1.3850592805492863 1.3293734138132194 5.989277678907857 -0.5071185041363424 167.86873800467336 1.3850592805492863 1.3293734138132194 282.05075329679653 363.86499661937734 False False True False 1.3850592805492863 1.3293734138132194 1.1812270803650797 0.24989478641447951 1.0418888072812706 0.0 11440.224519986017 11448.842226220266 0.17877387297925765 0.17145717095358348 1.551421757784956 1.481493790495041 0.0027270060761917002 0.016687343823351845
1.1766112218893243 2.50393370649447 3.5134074340774855 -0.0001539137670199965 0.00010631491707663523 1347660209.8747177 1.223138855746314 1.5683468534045537 2.3389838158917216 0.11581849581930943 338.274409585 1.5683468534045537 1.223138855746314 124.3097366546112 599.7170917132883 True False False False 1.5683468534045537 1.223138855746314 1.2038812375132768 0.2461767659229262 1.2822312413970418 0.0 11391.953328373738 11458.531476262619 0.20328912891033488 0.1576220732747777 1.7879450141101925 1.3500420714477008 0.0047617137316221326 0.00484655831285714
1.1737652415787632 0.3252399398762136 0.8845938783546378 -0.017077540474021647 -0.026496770380541046 1344118156.6599839 1.3653446961345845 1.3281193414110197 2.7804149632003123 0.29856394422898275 137.9430143143256 1.3653446961345845 1.3281193414110197 309.3992317795125 365.87015658790705 True True False True 1.3653446961345845 1.3281193414110197 1.1722639487771451 0.249952247585489 1.0280286217984114 0.0 11443.475677240158 11449.009003874138 0.17617918302374283 0.17129293054098715 1.5265575788086754 1.4799276663918621 0.002661003356020103 0.018862358700714826
1.8969093723225674 0.5524723851482506 0.09881284313790584 -0.03514295664676114 0.008962018617311746 1330093786.7917 1.386415734823507 1.3427661173325947 2.0207407244291704 1.1719754329316323 207.883481176 1.386415734823507 1.3427661173325947 280.3833561878341 341.03774180977877 True False True False 1.386415734823507 1.3427661173325947 1.1877630661107426 0.24993605067810257 1.032507237803723 0.0 11439.99713373941 11446.963882237062 0.17895251158135178 0.1732129253535163 1.5531381646644498 1.4982362246639394 0.002747208970031427 0.015200321934010181
1.3757509248100188 1.6157973840059092 6.113350484452161 0.03312780199705968 -0.0004637966971443925 1354152974.4262853 1.4019208827386558 1.4799822299864105 2.260864606448415 0.007914893624869085 345.144 1.4799822299864105 1.4019208827386558 183.09501490764578 261.8685466385837 False True True False 1.4799822299864105 1.4019208827386558 1.2538688933138653 0.24981657719047354 1.0556817065847979 0.0 11419.774656336413 11437.389870623958 0.19136794875535368 0.1809950987921945 1.6727068076883997 1.5728170277157276 0.003172826033480257 0.00048269887847778833
2.5326333266633467 2.6647271169904414 2.1059854548215005 0.03227753338573926 -0.016601916190188387 1337778058.430119 1.1669819673100996 1.3268685414850123 6.051412528925162 0.06200158249332964 238.145792651 1.3268685414850123 1.1669819673100996 367.8613403264934 793.1302330429329 True True False False 1.3268685414850123 1.1669819673100996 1.082832151432891 0.24897240219057343 1.1370086073767294 0.0 11449.173659075415 11461.56605474457 0.1711291486956472 0.15034549475235712 1.4783658640957515 1.2815821160340704 0.0025164815959734382 0.024854932483911497
0.5416638603719914 2.368432522848596 3.9206760042052644 -0.008072797980527848 0.011492285543882217 1334283948.7869537 1.1606868359656557 1.700154187010477 2.676122697047696 0.9784869230586019 202.249906572 1.700154187010477 1.1606868359656557 69.17568156713676 815.2453806831546 False True False True 1.700154187010477 1.1606868359656557 1.2184936660525523 0.24111038625482747 1.4647828633259212 0.0 11328.753922443566 11461.813334420303 0.22160339062693796 0.14953124958704775 1.9642647051269244 1.2739527039410536 0.011299883196432318 0.0010426465472373814
1.2921481637650256 1.2963640177981568 3.85012962111711 -0.0379427207542708 0.007225175396087611 1326919919.0606756 1.1952246143547962 1.4751021616100115 6.0251180790930245 -1.2191658546865654 269.107790157 1.4751021616100115 1.1952246143547962 187.58036903787172 683.7316716220209 True True True True 1.4751021616100115 1.1952246143547962 1.1546492946045341 0.24725370424189697 1.2341631387890202 0.0 11421.095136790262 11460.276282323532 0.1907148827566512 0.1540014024169906 1.6664204659225514 1.315971377984566 0.003649618611722763 0.020502192160620703
1.8795221583100898 1.834972172601268 5.004184432404282 -0.012899605917877121 0.010264686516818557 1330042200.5134437 1.3004662202070378 1.3315640137134233 1.1084101052416857 -0.5049270861808308 290.199124371 1.3315640137134233 1.3004662202070378 360.31655795497005 417.65637419037455 False True False False 1.3315640137134233 1.3004662202070378 1.1455617401784801 0.24996510064405905 1.023912803749285 0.0 11448.546932327326 11452.199408048142 0.17174413531570334 0.16767966954176328 1.4842300733563007 1.4454366513141423 0.002524077418546674 0.022277013502062355
2.321364783398944 0.1410434441766244 4.011014256368606 0.010402869883911434 -0.0007861382562677457 1336993365.1409671 1.198292787517247 1.3337576975094791 2.9881433057544515 0.8345372103556479 310.456 1.3337576975094791 1.198292787517247 356.6677533765318 673.7341158722011 True False False True 1.3337576975094791 1.198292787517247 1.1002451388184034 0.24928443529154773 1.1130482561552448 0.0 11448.246310199864 11460.106778829519 0.17203159231725818 0.1543990117279801 1.4869710094811803 1.319712474770745 0.002509806218784447 0.024342302755368552
2.71237037283726 1.8126617165679135 4.444031776246501 -0.008454336924138968 0.009379286394392347 1325924844.8245285 1.3192310519281052 1.3624743921607079 2.6741927526851317 0.3965737126381516 18.763356822116048 1.3624743921607079 1.3192310519281052 313.0695650954562 380.33256661723294 False True True True 1.3624743921607079 1.3192310519281052 1.1670979692886394 0.2499349935684407 1.0327792013153427 0.0 11443.9364825692 11450.140651527792 0.17580173011716135 0.17012975581224285 1.5229490708887503 1.4688339086013036 0.002640391169385287 0.01968868720532607
2.049324329445502 0.11970519354784016 2.7541163523549934 0.017485446972281465 0.007815737495226923 1347836559.1595244 1.2255115202589655 1.3516302603551378 2.647802647174572 0.22041569197965882 41.70283772336437 1.3516302603551378 1.2255115202589655 327.2828166458519 592.5771903606311 True True False True 1.3516302603551378 1.2255115202589655 1.1201534485516687 0.24940128156272404 1.1029111012106372 0.0 11445.63530635791 11458.364312965356 0.17437661281105266 0.15793013508977716 1.5093384641953878 1.3529430284323725 0.002573923884388032 0.023696227841414876
1.904138751584414 2.6094538714310964 5.032559478330319 0.01938052199107882 0.0029886364050839605 1339055712.736907 1.305525642736951 1.3969621714421898 4.0499143562052025 0.008621751971926788 383.707 1.3969621714421898 1.305525642736951 268.2126389545048 407.03271972108047 False True True True 1.3969621714421898 1.305525642736951 1.1755179973179584 0.2497138116305456 1.070038094781155 0.0 11438.22364825916 11451.69267376485 0.18034175721854695 0.1683394706171434 1.566511172173649 1.4517431653412418 0.0027594844743221944 0.01755347616686118
1.8010723828671429 0.63022924741402 4.271815689568843 0.005218287108430709 -0.0211481832325062 1342818383.100146 1.3721441341710479 1.5859500448979367 3.1477187592642935 -0.001851096204665186 277.971 1.5859500448979367 1.3721441341710479 114.86443042766165 300.26867132863424 False False False False 1.5859500448979367 1.3721441341710479 1.2835451286198483 0.24869396315398204 1.1558188424979532 0.0 11384.902289923333 11442.369080686225 0.20569817138482374 0.1770736813407211 1.8111333107122816 1.5351167660799658 0.003940956929522634 0.00015
0.4717907334485278 1.4860577163442685 2.7066061511619117 0.0039609048671274665 -0.006928838652008634 1347396684.983477 1.2768033299163877 1.3377684515563877 2.3760920290632432 -0.22008615830282513 314.012618982 1.3377684515563877 1.2768033299163877 349.7287118817305 462.4513334976828 False False True True 1.3377684515563877 1.2768033299163877 1.1376871686885417 0.24986407424350332 1.0477482476835271 0.0 11447.684527509195 11454.274028747963 0.17255737762319873 0.16459880309372435 1.4919845557607387 1.4160148239051575 0.002517177401348944 0.022677490685721103
0.907526903047 1.0039290923485773 3.1827957155695525 0.011369525324437718 -0.0030983020613585357 1345662933.368979 1.176510627990479 1.355406521113322 4.612558259019009 0.9602991436295418 373.396853228 1.355406521113322 1.176510627990479 322.153151328403 752.4013311919568 False False True False 1.355406521113322 1.176510627990479 1.0987764869131327 0.24875192188091602 1.1520563341007837 0.0 11445.051994577787 11461.173071355099 0.1748727081725289 0.1515782954749727 1.5140742729405934 1.293161836570217 0.002669526887326488 0.024779027461361316
1.8056249442144459 0.2278916405886057 1.4060051369504 -0.021526840416290105 -0.023423674368672445 1334912017.8165567 1.2776230942460027 1.332377157769966 5.770454890106505 -0.03517277805776006 120.6936862804948 1.332377157769966 1.2776230942460027 358.97742648989856 459.3160261157415 False True False False 1.332377157769966 1.2776230942460027 1.1357685779455744 0.2498899749382194 1.0428561942646135 0.0 11448.436063510788 11454.20380708145 0.17185067824913863 0.16470549256567685 1.485245974034487 1.417030178103 0.002500003144367312 0.022807434188452148
2.1969222098027568 0.11568821149934325 5.085786955658839 -0.013852022152682702 0.01621660912396983 1350322195.6184711 1.1685048173246289 1.325103782171297 5.3409924710096215 -0.9393431847403562 347.242223409 1.325103782171297 1.1685048173246289 370.6721563888743 787.1133747639506 True False False False 1.325103782171297 1.1685048173246289 1.082835743529329 0.24901403565822827 1.1340165333722902 0.0 11449.403044950332 11461.504834148122 0.17089811984382916 0.1505424918107494 1.4761626911353987 1.2834301533042083 0.0025039988151366373 0.024820421748278202
1.5772944736713488 1.6030063633138762 1.7215740424165622 0.025987338794534257 -0.0028004962728623716 1328485919.7880287 1.2800460455510139 1.4530699354824441 2.291163522263036 0.005085365841535878 82.62056195471949 1.4530699354824441 1.2800460455510139 206.64918571978842 450.63749504941734 False True True True 1.4530699354824441 1.2800460455510139 1.186794850789088 0.24899807311855343 1.1351700515249432 0.0 11426.807389894911 11453.99583217653 0.18777243804813507 0.16502084497907238 1.6381345390681188 1.42003289420184 0.0030952482201106616 0.013386726480980972
1.4376350672011113 2.35921741836002 1.3569301145657644 -0.005960876293128371 -0.0025750085978107165 1356515475.6502042 1.237367849321085 1.3512130458856997 2.9578826103553406 0.4903951672894945 218.12777272616827 1.3512130458856997 1.237367849321085 327.8702116469862 559.8349413602691 False False True False 1.3512130458856997 1.237367849321085 1.1254371477647749 0.24951644492228806 1.092005943606082 0.0 11445.69915759955 11457.492498790438 0.1743218146291192 0.15947017872163347 1.508815470378775 1.3674563230413812 0.002564519088271747 0.023404448995827668
1.540996660682901 1.391784450701758 2.485995316378413 0.04067487814839458 -0.012226889674252808 1341189188.4828513 1.371115148923613 1.3549310640711796 5.960928970728415 -0.6286335801012362 288.791203745 1.371115148923613 1.3549310640711796 301.71089351834524 322.78316463906464 False True True True 1.371115148923613 1.3549310640711796 1.1865554396379012 0.24999118849941482 1.011944581744111 0.0 11442.537762988839 11445.12595564346 0.17693828352665492 0.1748102356791135 1.5338204344563986 1.5134777868958647 0.00272175710976407 0.01602694858930536
1.6686368400733276 0.7307865232256759 1.795745883129885 -0.0027793444261015607 -0.0018463241609527404 1351051606.448797 1.170033616289441 1.1756579766644035 1.843020420772162 -0.8104877562085866 181.05895953576908 1.1756579766644035 1.170033616289441 756.1473513662149 780.7693993581597 False True True False 1.1756579766644035 1.170033616289441 1.0210180467681078 0.24999856270979548 1.004807007505305 0.0 11461.209239629103 11461.44279131844 0.15146796430348736 0.15074026821540826 1.2921240298213144 1.2852863864719473 0.0019841343932688067 0.02446215999715176
2.450364152263035 2.2624461924571735 4.680863326846772 0.0005291913237455848 0.02063268779991948 1333583990.6080797 1.2668259452820216 1.4817349318978037 3.230586992148984 0.4660557549737657 166.93922955276722 1.4817349318978037 1.2668259452820216 181.5453335545352 495.46320806184093 True False False False 1.4817349318978037 1.2668259452820216 1.1919866988562229 0.24847159503336497 1.1696436573754723 0.0 11419.296810386015 11455.121341604936 0.19160259787704445 0.16330049097314767 1.674966743181391 1.4036786864255244 0.0033555496383883944 0.010934811271232628
1.9681553805852756 0.936163006244405 2.6949551351764454 0.014173749700635958 0.006882185221745752 1341496659.9526746 1.3916558072153382 1.5914205966252402 6.131255687337126 -0.25864372779178857 275.672011366 1.5914205966252402 1.3916558072153382 112.37348923201574 274.35160736251254 True True False True 1.5914205966252402 1.3916558072153382 1.294962556437202 0.24887888764524718 1.143544681360275 0.0 11382.65239678714 11439.11670310502 0.20644850200957193 0.17964270276442681 1.8183640648764454 1.5597763036510708 0.003929749025115554 0.00015
0.39117679035089054 1.6224097460111941 5.719422206329985 -0.0038674498993329703 0.011447265801723654 1352567806.3309262 1.1683091976906692 1.354353754784739 2.2980750261009333 0.6169843625555075 244.417589255 1.354353754784739 1.1683091976906692 323.55352496173424 787.9049219418966 True False False False 1.354353754784739 1.1683091976906692 1.0944655632124578 0.24864026120747731 1.15924256820182 0.0 11445.215564415359 11461.512730418162 0.17473438443051195 0.15051718576389525 1.512753606540717 1.2831927072990854 0.002682501887579439 0.02494351078669702
2.304621311374706 0.03575044284325018 0.5866243296321672 0.004241681872591731 0.00024400670915195185 1341047549.5528529 1.357510665487001 1.5061007686458032 2.29835654770928 0.048769211689701955 126.23335664597957 1.5061007686458032 1.357510665487001 163.92815774457048 319.4055043839151 True False True False 1.5061007686458032 1.357510665487001 1.2444445519683378 0.24932688138449355 1.1094577795493754 0.0 11412.5344086303 11444.72297217288 0.19486873470466146 0.17514921721181959 1.7065199952945604 1.516714803909196 0.0033280278098856927 0.0006291285215447926
