theta_jn psi phase spin1 spin2 geocent_time ms mr ra dec luminosity_distance_Mpc mass_1_source mass_2_source lambda1 lambda2 H1 L1 V1 K1 m1 m2 mchirp eta q chi_eff r1 r2 c1 c2 mb1 mb2 mej_dyn mej_wind
2.687208688776628 1.4390797506902566 4.757698090162159 -0.013129911498448757 -0.01142879203618713 1355719623.513327 1.250945662350515 1.3710014224279905 2.89952903899959 0.06490626275973566 142.13990536934807 1.3710014224279905 1.250945662350515 301.8686790689806 524.3309494297439 False True True True 1.3710014224279905 1.250945662350515 1.1398324742298174 0.24947584689045338 1.095972002374501 0.0 11442.556381599194 11456.429913727148 0.17692331958565877 0.16123502080424826 1.533677183327419 1.3841189786351054 0.00265130440325428 0.022540818660288574
2.0030440761760326 1.0470689923396574 6.159046985303127 -0.0006467138177762692 -0.0036877523456170444 1328829416.8513484 1.3252179636767083 1.306248690562509 3.1395157117799197 -0.02000985080826459 343.558 1.3252179636767083 1.306248690562509 370.48984435759263 405.4661463646779 True True False True 1.3252179636767083 1.306248690562509 1.1453766763228188 0.2499870089083863 1.0145219461280612 0.0 11449.388308601381 11451.617194562894 0.17091306576776466 0.16843381333314217 1.4763052253406492 1.4526445083967003 0.0025164101374010772 0.02239121513803441
2.7772967360972003 1.6867733259777422 1.7801180988152006 -0.0015716469030625233 0.000731693758518034 1336396615.7805593 1.1978815230455504 1.3168358833042941 0.07275404986938362 -0.007738266304567258 283.870345388 1.3168358833042941 1.1978815230455504 384.52673367386404 675.063405776883 False True True False 1.3168358833042941 1.1978815230455504 1.093124110740851 0.24944060012596933 1.0993039444805097 0.0 11450.42958377597 11460.129848935352 0.16981658660205715 0.15434570993861424 1.4658460125967263 1.3192109769332412 0.0024290175182209274 0.024331833787444832
1.9870083617475793 1.1924665658343423 2.277094003943298 0.008798586524895092 0.02524681503546619 1355599954.2858467 1.1673894506860714 1.3633988919707984 3.1407374422563157 -0.21818535512106313 208.536085766 1.3633988919707984 1.1673894506860714 311.8926427016073 791.5544004097824 False False True False 1.3633988919707984 1.1673894506860714 1.097620110671953 0.24850037614774673 1.1679040710617463 0.0 11443.788513813452 11461.549729238319 0.17592329412111235 0.1503982061784428 1.524111050716094 1.282076518558847 0.0027468635286868512 0.024977057595607362
1.5866450021760197 2.7510645635118482 0.9809409341920429 0.02028122430381613 0.013085241916001201 1351392150.3781574 1.30875533347368 1.6431045325530398 3.449154574376234 -0.010140362954087054 361.41 1.6431045325530398 1.30875533347368 89.9089563762165 400.12177670388314 False True True False 1.6431045325530398 1.30875533347368 1.274955561295485 0.24679262964784499 1.2554711262890788 0.0 11360.185323440508 11451.349778002155 0.21357480201217213 0.1687609724721371 1.8873212931882437 1.4557694535884467 0.005129156964674716 0.00015
0.13887664827094737 1.6410610648008672 3.450781871527593 -0.025717033134091162 0.005064050247105919 1327013422.6015484 1.2913551768142824 1.589004091359072 2.8195445000117996 0.1356190641969674 378.443 1.589004091359072 1.2913551768142824 113.48812856180942 430.4481696914526 True True False False 1.589004091359072 1.2913551768142824 1.2456989598681685 0.24733034406433857 1.2304934536128755 0.0 11383.648869579938 11453.019221796376 0.20611697451819858 0.16649299021778094 1.815168438755279 1.4340826983266117 0.004426173535105683 0.00025887926075352316
1.826517879717806 2.2507214981623065 1.3173806477114207 -0.005793108157443806 -0.00391022098189739 1354932669.9596303 1.2302159507365744 1.570047802023776 2.567816726647501 0.6507151192783255 267.905017567 1.570047802023776 1.2302159507365744 123.33433488880334 578.8510694508478 True True True False 1.570047802023776 1.2302159507365744 1.2080829348129645 0.24631811437127538 1.2762375590104584 0.0 11391.287606195705 11458.025405852404 0.20352149925620644 0.15854107836674253 1.7901809654093221 1.3586981264188105 0.004710168551171059 0.0038927261868795353
1.8694798171553901 0.42579209194365886 5.115284890107377 -0.0030350311046964903 0.011679261351750486 1350395483.1406102 1.3157668795067083 1.3630744292862658 3.874683299304971 0.17312479355892393 131.17268542122164 1.3630744292862658 1.3157668795067083 312.3060710487141 386.45639326955165 False False False True 1.3630744292862658 1.3157668795067083 1.165815204409906 0.24992203369650723 1.0359543552253674 0.0 11443.840495136668 11450.556221359164 0.17588062885875644 0.16967685339351823 1.5237032110598958 1.4645126459213558 0.0026381499249382135 0.01984991017775744
1.315189061103592 1.8058624916845019 4.804648243803058 -0.0022020135943379435 -0.014104936522331933 1350313224.338565 1.2354437204594637 1.329383916759069 1.0797128780816194 0.6365584919160117 274.785737491 1.329383916759069 1.2354437204594637 363.8481426249074 564.7874770153095 False False True True 1.329383916759069 1.2354437204594637 1.1155072442061895 0.24966462818142462 1.0760376168852668 0.0 11448.840822382655 11457.637859256207 0.17145854660473714 0.15922017976084565 1.4815069079193006 1.3650988947264495 0.0024704966419278208 0.02369519974199172
0.54038213051069 3.1026687317922175 3.2731790160395717 -0.009222970314816677 -0.004393111540759722 1330047918.7970777 1.381143858885201 1.3484076431845888 2.3165626530954864 -0.6682664818489383 298.904182063 1.381143858885201 1.3484076431845888 287.2679805085963 331.9563821056304 True False False False 1.381143858885201 1.3484076431845888 1.1880037588148558 0.24996404043995088 1.024277684768456 0.0 11440.879082724896 11446.125256496038 0.17825829822067124 0.17395340993546562 1.546471660786767 1.505299956923824 0.0027387468306593874 0.01533226855323175
1.1062612099632612 1.5986355029879296 4.147371752832559 0.01708019622873279 0.008760730444550712 1352156230.2127576 1.2893258203108922 1.3671455247320614 6.164764717431771 -0.47410909199337364 297.852 1.3671455247320614 1.2893258203108922 307.0582550473801 432.39684227330616 True True True True 1.3671455247320614 1.2893258203108922 1.1557008374879623 0.24978545969618973 1.060356895980261 0.0 11443.184536141087 11453.194941425694 0.1764160438058745 0.1662287971455919 1.528822933286714 1.431557181621183 0.0026315990686367756 0.021022280144838215
2.7410511874340444 2.208579694126021 3.2214964192097484 0.0021413043349444373 -0.0004652300032617633 1337890061.1291137 1.3399473147154766 1.3495520493772621 0.7922637999826034 0.7288390062040275 302.924526525 1.3495520493772621 1.3399473147154766 330.2589274326184 345.9100134134601 False True False False 1.3495520493772621 1.3399473147154766 1.1706636351028146 0.2499968116362698 1.0071679942608975 0.0 11445.952131098365 11447.373055178416 0.1741036791833272 0.1728431297148722 1.5067337968164676 1.494709495839521 0.002638081978952213 0.019540996516759668
1.4542514549303474 0.35297955242490964 1.9780604628179541 -0.008295953737291471 -0.0009384130160236718 1351890153.2463648 1.3273748128637202 1.3312882633957557 3.1890784199607483 -0.4034717599875162 278.923646163 1.3312882633957557 1.3273748128637202 360.76759037640517 367.0559089340718 True False False True 1.3312882633957557 1.3273748128637202 1.1572488148966609 0.2499994583321025 1.002948263364733 0.0 11448.584376801553 11449.107218562916 0.17170800764393243 0.17119543708822896 1.48388559012546 1.4789979885242237 0.0025702740885006244 0.021479515006143753
1.9025852591592356 1.0354966091869908 0.34701847130723634 -0.002683403234959263 -0.0038503376267754585 1339588887.7752447 1.1824063735957901 1.5502325310960838 3.4187124019366086 1.0298153633903808 295.860120056 1.5502325310960838 1.1824063735957901 134.58804388939674 728.0476130809595 False False False False 1.5502325310960838 1.1824063735957901 1.1764723252786478 0.24547039078992325 1.3110826918005403 0.0 11398.768641425404 11460.915854116543 0.20082100781501505 0.15234130555011557 1.764182216498328 1.3003456326911267 0.004946161765861413 0.013229672501006113
1.903887946760533 2.916556322123065 5.575937172493946 0.01436951872980898 -0.015939698631656535 1354581168.9416745 1.2233517644771659 1.3190253410610693 0.55636523790939 -0.07737829972254259 196.72642874337143 1.3190253410610693 1.2233517644771659 380.68606382618293 599.0741408579682 True True False False 1.3190253410610693 1.2233517644771659 1.10569335961693 0.2496459667190688 1.078206105032098 0.0 11450.165744637954 11458.516582541772 0.17010285428843588 0.1576497150680801 1.4685772676735394 1.3503023443018418 0.0024292607512899998 0.023954842443822545
2.1776636481392337 1.0630886648091302 0.11074934111904605 0.008533445191588761 -0.0009806308216423977 1341289766.210071 1.4010907782748554 1.3434527941721617 4.235524086224528 0.9375355569304167 137.04504692555867 1.4010907782748554 1.3434527941721617 262.96180809998793 339.8748320043493 False False False False 1.4010907782748554 1.3434527941721617 1.194315820799856 0.2498897401710597 1.0429028726224878 0.0 11437.529309215271 11446.863179210295 0.18088572283147597 0.1733030292780676 1.5717605575392082 1.4990956177107786 0.0027986136956027726 0.013044899880429417
1.6483687154107605 0.37621146934872335 2.216639111112419 0.007215727653775308 0.007321003494857433 1333576463.9352684 1.386098386300452 1.365404051553307 0.04894898060265737 -0.3356251745490127 326.201363357 1.386098386300452 1.365404051553307 280.76755879842193 309.32267238171534 True False False True 1.386098386300452 1.365404051553307 1.1976203492794337 0.24998585825035577 1.0151561984334254 0.0 11440.050355980935 11443.466105366435 0.17891071726915403 0.1761869894053833 1.5527365331066478 1.5266322278679862 0.002782175352814763 0.012776503434889406
1.9531973041492783 0.6897009554155757 1.3835041103404602 0.003507720929262113 -0.023359788356421354 1348702023.8301418 1.3765642079267848 1.3544521682452926 5.520841599297459 -0.7563227757483523 216.948957802 1.3765642079267848 1.3544521682452926 293.86518491492717 323.4217644020058 True False True True 1.3765642079267848 1.3544521682452926 1.1886971645036806 0.24998361113000764 1.016325448915733 0.0 11441.640284751586 11445.200304214157 0.17765540232603663 0.1747473144151486 1.5406896656195317 1.5128770504629905 0.002735610340716287 0.015345357984529316
0.23605561744480602 1.143183641940582 3.668723835048816 -0.00362404517480855 0.017264980933965036 1354681178.0634665 1.2088297463738824 1.3718878419810072 5.7971994241593165 0.02006212341936182 367.712944463 1.3718878419810072 1.2088297463738824 300.63039846271323 641.4693982852024 True False True False 1.3718878419810072 1.2088297463738824 1.120629758589849 0.24900196958433757 1.1348892150414474 0.0 11442.411131954492 11459.480521930014 0.17703995648681725 0.15576520201340432 1.5347938495761941 1.332565975057632 0.002705987189991809 0.023922527894798432
0.6222467296456533 2.350686925697042 5.490971540846435 0.03576774450099712 -0.01385902016971228 1340606378.4105756 1.2723755527542147 1.3057701601320402 3.27373870456151 -0.20417421840519556 324.103589508 1.3057701601320402 1.2723755527542147 406.50260544109534 479.4530148377396 False True False False 1.3057701601320402 1.2723755527542147 1.1220901282042801 0.2499580552342297 1.0262458731665653 0.0 11451.66723251779 11454.651869819976 0.16837137368175242 0.16402258663710875 1.4520479753860345 1.4105354047552543 0.0024154267942993373 0.023478009958408135
1.261508243209827 0.761600143924432 4.585525761997039 -0.005772184089311314 -0.043018390577109475 1347175172.2810943 1.232275659438678 1.3867158594365285 3.9592550084461937 -0.860099372393527 227.38930651 1.3867158594365285 1.232275659438678 280.0229787813245 573.1613074819477 False True True True 1.3867158594365285 1.232275659438678 1.137602121154457 0.24913065425002984 1.1253292628276053 0.0 11439.946787320177 11457.874041217352 0.17899203808892297 0.15880861621801934 1.5535180377748548 1.3612192712762163 0.0027554895937776987 0.022822642811757346
